0.057104 0.000010 0.152287 0.000984 0.031335 0.000010 0.572146 0.186123
0.150242 0.196597 0.061201 0.005645 0.000010 0.019384 0.374622 0.192300
0.158498 0.262804 0.061571 0.010946 0.010476 0.027586 0.322774 0.145346
0.126856 0.184067 0.000010 0.000010 0.000010 0.000010 0.557292 0.131745
0.037912 0.050762 0.000010 0.033294 0.110249 0.006177 0.542992 0.218605
0.000798 0.525013 0.069711 0.001742 0.034994 0.000010 0.256679 0.111054
0.076770 0.020590 0.243104 0.009798 0.025590 0.000010 0.480807 0.143331
0.327644 0.000010 0.048617 0.023136 0.031678 0.025582 0.379050 0.164283
0.247083 0.000010 0.027627 0.000010 0.000010 0.000010 0.630091 0.095159
0.031344 0.406941 0.115332 0.000010 0.000010 0.004420 0.254001 0.187944
0.332941 0.034393 0.000010 0.019950 0.038043 0.134935 0.375754 0.063973
0.334971 0.143236 0.000010 0.024924 0.008954 0.147277 0.334315 0.006314
0.087965 0.045283 0.166866 0.000010 0.001536 0.061640 0.562520 0.074181
0.098878 0.178304 0.105739 0.000010 0.000010 0.163437 0.395922 0.057699
0.246334 0.000010 0.000010 0.025796 0.008466 0.076948 0.571340 0.071096
0.320556 0.000010 0.006806 0.046828 0.071966 0.192598 0.254320 0.106916
0.363493 0.000010 0.012296 0.001611 0.068673 0.154533 0.381228 0.018155
0.000010 0.039219 0.000010 0.154439 0.000010 0.806292 0.000010 0.000010
0.000010 0.000013 0.000010 0.189490 0.000010 0.810448 0.000010 0.000010
0.000010 0.000010 0.000010 0.674206 0.000010 0.325734 0.000010 0.000010
0.000010 0.000010 0.000010 0.999930 0.000010 0.000010 0.000010 0.000010
0.000010 0.000010 0.000010 0.999930 0.000010 0.000010 0.000010 0.000010
0.000019 0.000010 0.000010 0.999921 0.000010 0.000010 0.000010 0.000010
0.000010 0.000010 0.000010 0.999930 0.000010 0.000010 0.000010 0.000010
0.000010 0.044847 0.000010 0.103034 0.000010 0.852069 0.000010 0.000010
0.000010 0.000010 0.097510 0.009037 0.000010 0.893404 0.000010 0.000010
0.000010 0.000010 0.000010 0.163032 0.000010 0.836908 0.000010 0.000010
0.152052 0.130724 0.011643 0.077124 0.000010 0.564142 0.064296 0.000010
0.447847 0.000010 0.000010 0.044309 0.041702 0.385660 0.031837 0.048624
0.000010 0.000010 0.041157 0.000010 0.005144 0.304519 0.649139 0.000010
0.049658 0.097609 0.044469 0.000010 0.016488 0.316460 0.475295 0.000010
0.013865 0.000010 0.000010 0.034457 0.001856 0.301314 0.555136 0.093351
0.047098 0.145858 0.000010 0.030395 0.000010 0.215593 0.535481 0.025555
0.117825 0.000010 0.065447 0.062631 0.000010 0.189681 0.504402 0.059994
0.000010 0.000010 0.000010 0.000010 0.000010 0.274352 0.666210 0.059388
0.000010 0.000010 0.045906 0.000013 0.011528 0.576102 0.366421 0.000010
0.227876 0.000010 0.000010 0.108568 0.000010 0.546075 0.075166 0.042285
0.078377 0.618744 0.000010 0.000010 0.015085 0.000010 0.015668 0.272096
0.021202 0.320743 0.069261 0.000010 0.040366 0.000010 0.286330 0.262077
0.144866 0.066873 0.075720 0.011284 0.072265 0.032426 0.345677 0.250889
0.080441 0.011991 0.000010 0.025670 0.098151 0.000010 0.462589 0.321139
0.050615 0.355099 0.000010 0.000010 0.029768 0.000010 0.316922 0.247565
0.098947 0.618328 0.002311 0.000010 0.025899 0.059324 0.000010 0.195170
0.070684 0.348458 0.176469 0.000010 0.037077 0.000010 0.175205 0.192087
0.005039 0.000010 0.215332 0.000010 0.026312 0.000010 0.419116 0.334171
0.140572 0.207591 0.109584 0.042403 0.018563 0.002172 0.260829 0.218286
0.098579 0.225340 0.218191 0.000010 0.005615 0.000010 0.266862 0.185393
0.082092 0.000010 0.161801 0.000010 0.085003 0.017205 0.653870 0.000010
0.258619 0.000010 0.000010 0.002906 0.026728 0.055634 0.591113 0.064980
0.175835 0.216061 0.060262 0.000010 0.020445 0.042881 0.424803 0.059704
0.220737 0.007930 0.000010 0.000010 0.031713 0.006225 0.686115 0.047260
0.064245 0.106441 0.154412 0.007445 0.000010 0.065575 0.601862 0.000010
0.171400 0.000010 0.062888 0.035865 0.000010 0.000010 0.706646 0.023172
0.164091 0.000010 0.058760 0.050016 0.000010 0.000010 0.727092 0.000010
0.113593 0.000010 0.096557 0.008484 0.023892 0.011140 0.621009 0.125315
0.167716 0.000010 0.000010 0.013246 0.034866 0.029765 0.664340 0.090047
0.087602 0.303413 0.399740 0.000010 0.000010 0.041163 0.156646 0.011415
0.175993 0.442584 0.076055 0.051076 0.015224 0.000010 0.198329 0.040729
0.028448 0.125220 0.050045 0.000010 0.040449 0.062661 0.523326 0.169841
0.053833 0.000010 0.201467 0.039926 0.008432 0.000010 0.653888 0.042435
0.000010 0.000010 0.999930 0.000010 0.000010 0.000010 0.000010 0.000010
0.125073 0.000010 0.062680 0.008806 0.004932 0.000010 0.600931 0.197558
0.157950 0.000010 0.091063 0.022328 0.000010 0.013683 0.708512 0.006443
0.179388 0.000010 0.034807 0.038008 0.023222 0.004159 0.666554 0.053852
0.130693 0.000010 0.157999 0.008338 0.027166 0.003216 0.649951 0.022627
0.255408 0.004986 0.282475 0.000010 0.022233 0.026223 0.378032 0.030632
0.540923 0.000010 0.004532 0.000010 0.018544 0.000010 0.415307 0.020665
0.480381 0.000010 0.000010 0.000010 0.000661 0.000010 0.489684 0.029235
0.546349 0.000010 0.000010 0.030858 0.011536 0.000010 0.408585 0.002642
0.417661 0.003865 0.175491 0.000010 0.000010 0.000010 0.402943 0.000010
0.484723 0.000010 0.000010 0.000010 0.025348 0.000010 0.470265 0.019625
0.390126 0.000010 0.097577 0.010040 0.000010 0.000010 0.502216 0.000010
0.670014 0.046926 0.074520 0.000010 0.000010 0.000010 0.208500 0.000010
0.546617 0.018053 0.120366 0.017784 0.000010 0.000010 0.265791 0.031369
0.515282 0.000010 0.027543 0.000010 0.000010 0.000010 0.457125 0.000010
0.472746 0.121016 0.030434 0.000010 0.000010 0.000010 0.375764 0.000010
0.000010 0.000010 0.000010 0.000010 0.999930 0.000010 0.000010 0.000010
0.000010 0.000010 0.000010 0.000010 0.999930 0.000010 0.000010 0.000010
0.000010 0.000019 0.000010 0.000010 0.999921 0.000010 0.000010 0.000010
0.000010 0.000010 0.000010 0.000010 0.999930 0.000010 0.000010 0.000010
0.027937 0.350480 0.005913 0.000010 0.126465 0.000010 0.300344 0.188841
0.000010 0.000010 0.000010 0.000010 0.999930 0.000010 0.000010 0.000010
0.004624 0.000010 0.000010 0.000010 0.738414 0.256912 0.000010 0.000010
0.000010 0.000010 0.000010 0.000010 0.999930 0.000010 0.000010 0.000010
0.000010 0.000010 0.000010 0.000010 0.200732 0.008848 0.360892 0.429488
0.000010 0.000010 0.078528 0.000010 0.025446 0.000010 0.772085 0.123901
0.342282 0.288081 0.000010 0.024709 0.059747 0.120781 0.000010 0.164380
0.286745 0.179633 0.062317 0.000010 0.049560 0.083301 0.257072 0.081362
0.233275 0.591671 0.100522 0.002673 0.000010 0.071829 0.000010 0.000010
0.509897 0.213409 0.000010 0.008973 0.017576 0.053101 0.109713 0.087320
0.072906 0.569635 0.000010 0.009195 0.026514 0.019213 0.210907 0.091620
0.125081 0.277017 0.000010 0.017572 0.034069 0.024171 0.348724 0.173356
0.000010 0.585883 0.000010 0.000010 0.010159 0.000010 0.101421 0.302497
0.102756 0.192825 0.226864 0.000010 0.017747 0.049303 0.385109 0.025386
0.220026 0.141320 0.000010 0.039197 0.010348 0.085724 0.343110 0.160264
0.083830 0.241960 0.037473 0.057018 0.004069 0.127286 0.232760 0.215605
0.062690 0.000010 0.167360 0.094103 0.022669 0.103559 0.375748 0.173860
0.140688 0.000010 0.050548 0.114414 0.001897 0.223219 0.290411 0.178813
0.114318 0.000010 0.000010 0.042098 0.020167 0.214446 0.437068 0.171883
0.148454 0.000010 0.000945 0.000010 0.040702 0.143984 0.387597 0.278298
0.129569 0.000010 0.077059 0.000010 0.005933 0.255774 0.307026 0.224619
0.034713 0.235420 0.087396 0.002695 0.000010 0.243314 0.283430 0.113023
0.169388 0.000010 0.077102 0.036418 0.057197 0.249260 0.238488 0.172136
0.137735 0.000010 0.031683 0.048910 0.005716 0.181710 0.401801 0.192437
0.453680 0.000010 0.182295 0.033920 0.000010 0.000010 0.330065 0.000010
0.333700 0.112611 0.066992 0.000010 0.000010 0.030697 0.455971 0.000010
0.362932 0.024562 0.075989 0.006622 0.001410 0.078820 0.449655 0.000010
0.379257 0.000010 0.000010 0.000010 0.039792 0.049877 0.514149 0.016894
0.337985 0.169842 0.120734 0.000010 0.000010 0.094803 0.276606 0.000010
0.465283 0.180508 0.000010 0.041169 0.016359 0.024784 0.271877 0.000010
0.509411 0.000010 0.000010 0.008278 0.000010 0.046695 0.397437 0.038149
0.364027 0.000010 0.055920 0.062298 0.036954 0.075367 0.384612 0.020812
0.030320 0.000010 0.623125 0.000010 0.000010 0.000010 0.346505 0.000010
0.457059 0.000010 0.147869 0.028362 0.000010 0.000010 0.366670 0.000010
0.000010 0.337900 0.000010 0.000010 0.000010 0.480655 0.181395 0.000010
0.078310 0.000010 0.034612 0.066343 0.027184 0.336178 0.354123 0.103240
0.000010 0.000010 0.161303 0.049306 0.000010 0.538330 0.251021 0.000010
0.015510 0.219522 0.063298 0.000010 0.000010 0.653380 0.048261 0.000010
0.000010 0.018937 0.173040 0.016980 0.000010 0.541084 0.205873 0.044065
0.190092 0.000010 0.055383 0.000010 0.040112 0.536674 0.131772 0.045947
0.089616 0.000010 0.391527 0.000010 0.000010 0.518807 0.000010 0.000010
0.136992 0.158528 0.000010 0.047374 0.020772 0.636304 0.000010 0.000010
0.000010 0.000010 0.000010 0.000010 0.029781 0.590832 0.379337 0.000010
0.000010 0.000010 0.171604 0.000010 0.043120 0.364488 0.420747 0.000010
0.602516 0.000010 0.023517 0.071772 0.000010 0.037549 0.186100 0.078526
0.541411 0.000010 0.011386 0.049289 0.024196 0.016277 0.221440 0.135991
0.494529 0.011369 0.047605 0.000010 0.000010 0.070670 0.374698 0.001109
0.460133 0.000478 0.264952 0.000019 0.004261 0.037755 0.232391 0.000010
0.554647 0.000010 0.339779 0.036510 0.004724 0.035442 0.028877 0.000010
0.464060 0.005030 0.131014 0.068153 0.000010 0.029214 0.302509 0.000010
0.259683 0.000010 0.365449 0.000010 0.000010 0.168575 0.206252 0.000010
0.498352 0.000010 0.414087 0.087511 0.000010 0.000010 0.000010 0.000010
0.620076 0.113215 0.085627 0.000010 0.017641 0.050678 0.074292 0.038459
0.630374 0.004316 0.000010 0.043338 0.029929 0.033182 0.189032 0.069820
0.000010 0.493283 0.506656 0.000011 0.000010 0.000010 0.000010 0.000010
0.000010 0.009799 0.114439 0.005966 0.019132 0.000010 0.616020 0.234624
0.000010 0.000010 0.000010 0.000010 0.054474 0.000010 0.489749 0.455726
0.000010 0.000010 0.102585 0.000010 0.021855 0.000010 0.651782 0.223738
0.032127 0.407481 0.030319 0.036180 0.012886 0.000010 0.042805 0.438192
0.000010 0.642856 0.356160 0.000934 0.000010 0.000010 0.000010 0.000010
0.000010 0.216356 0.091444 0.000010 0.016380 0.026303 0.414765 0.234733
0.035383 0.196171 0.044882 0.000010 0.039352 0.067187 0.433449 0.183566
0.000010 0.999930 0.000010 0.000010 0.000010 0.000010 0.000010 0.000010
0.022904 0.194114 0.000010 0.000010 0.053097 0.004274 0.437249 0.288343
0.000010 0.010400 0.066411 0.000010 0.017810 0.077118 0.676731 0.151510
0.000010 0.211351 0.046841 0.016334 0.043782 0.031578 0.454704 0.195401
0.105075 0.293901 0.000010 0.000840 0.027788 0.000010 0.352427 0.219949
0.000010 0.164257 0.028029 0.000010 0.028716 0.176845 0.403799 0.198334
0.000010 0.000010 0.161890 0.000010 0.070028 0.008390 0.540976 0.218686
0.283568 0.000010 0.000010 0.034174 0.008114 0.610640 0.036687 0.026798
0.176266 0.000010 0.008389 0.061691 0.000010 0.598132 0.143657 0.011845
0.433614 0.000010 0.004543 0.061583 0.004358 0.495251 0.000632 0.000010
0.396802 0.000010 0.000010 0.063590 0.015339 0.524230 0.000010 0.000010
0.246519 0.000010 0.000010 0.000019 0.123556 0.629866 0.000010 0.000010
0.240804 0.000010 0.000010 0.007374 0.000010 0.751772 0.000010 0.000010
0.267520 0.106973 0.006628 0.079318 0.000010 0.539531 0.000010 0.000010
0.516141 0.000010 0.018985 0.000010 0.000010 0.464825 0.000010 0.000010
0.190045 0.000010 0.263862 0.000010 0.000010 0.546044 0.000010 0.000010
0.355800 0.000010 0.125942 0.016678 0.000010 0.501540 0.000010 0.000010
0.032887 0.201696 0.023110 0.000010 0.034125 0.018055 0.353424 0.336692
0.000019 0.070640 0.014621 0.000010 0.102396 0.000010 0.467912 0.344392
0.000010 0.337639 0.039578 0.000010 0.016225 0.000010 0.305777 0.300750
0.000010 0.000010 0.506704 0.000010 0.035217 0.000010 0.128121 0.329918
0.000010 0.000010 0.108746 0.000010 0.012688 0.000010 0.483736 0.394790
0.074709 0.000010 0.144936 0.029106 0.061581 0.002082 0.351250 0.336326
0.021939 0.266423 0.110099 0.000010 0.019375 0.000010 0.000010 0.582134
0.021726 0.012595 0.000010 0.000010 0.018932 0.000010 0.404147 0.542570
0.000010 0.000010 0.000010 0.000010 0.000010 0.000010 0.317439 0.682501
0.089624 0.173773 0.002384 0.000010 0.000010 0.000010 0.142376 0.591813
0.000010 0.000010 0.000010 0.000010 0.000010 0.000010 0.000010 0.999930
0.064268 0.319254 0.069032 0.000010 0.013497 0.000010 0.025108 0.508821
0.000010 0.138875 0.009898 0.000010 0.000010 0.000010 0.220387 0.630799
0.037906 0.000010 0.082414 0.000010 0.000010 0.000010 0.278527 0.601113
0.025061 0.000010 0.000010 0.118320 0.000010 0.825309 0.000010 0.031270
0.110143 0.056758 0.000010 0.121753 0.000010 0.711306 0.000010 0.000010
0.080938 0.000010 0.000010 0.042750 0.029335 0.846503 0.000443 0.000010
0.000010 0.000010 0.000010 0.000010 0.000010 0.999930 0.000010 0.000010
0.041479 0.019012 0.000010 0.060051 0.000010 0.859130 0.000010 0.020298
0.080996 0.000010 0.014518 0.082949 0.000010 0.821496 0.000010 0.000010
0.000010 0.000010 0.278995 0.000010 0.000010 0.720945 0.000010 0.000010
0.000010 0.000010 0.000010 0.089218 0.000010 0.905850 0.004882 0.000010
0.000010 0.010038 0.022648 0.064114 0.000010 0.903161 0.000010 0.000010
0.000010 0.000010 0.000010 0.079447 0.014260 0.906244 0.000010 0.000010
0.000010 0.000010 0.000010 0.000010 0.000010 0.999930 0.000010 0.000010
0.329637 0.000010 0.155863 0.000010 0.010173 0.101513 0.305963 0.096830
0.347948 0.000010 0.094449 0.023095 0.000010 0.129529 0.331700 0.073260
0.540505 0.000010 0.000010 0.080832 0.006567 0.111791 0.160667 0.099618
0.491596 0.000010 0.010899 0.059712 0.000010 0.017797 0.289584 0.130391
0.576765 0.000010 0.000010 0.033544 0.012500 0.081661 0.238477 0.057033
0.472601 0.000010 0.086083 0.030603 0.000010 0.078985 0.318213 0.013495
0.321575 0.000010 0.118153 0.053181 0.039787 0.023536 0.336401 0.107357
0.500398 0.000010 0.031576 0.035675 0.000010 0.027190 0.284087 0.121054
0.332796 0.109180 0.075680 0.068372 0.000010 0.081273 0.219768 0.112920
0.432033 0.000010 0.000010 0.002931 0.000010 0.097744 0.188634 0.278629
0.434775 0.000010 0.021681 0.000010 0.030617 0.093464 0.271291 0.148152
0.485237 0.000010 0.208533 0.015082 0.000010 0.291108 0.000010 0.000010
0.385954 0.000010 0.022072 0.037017 0.101684 0.045667 0.313812 0.093784
0.383827 0.000010 0.187338 0.000010 0.070948 0.000010 0.295795 0.062063
0.294993 0.000010 0.036776 0.042157 0.030612 0.273786 0.315207 0.006459
0.572623 0.000010 0.000010 0.106322 0.000010 0.133906 0.142654 0.044464
0.664100 0.000010 0.000010 0.046444 0.000010 0.180063 0.109354 0.000010
0.674292 0.000010 0.064587 0.014489 0.001376 0.124625 0.051016 0.069604
0.575030 0.000010 0.136698 0.048743 0.000010 0.239489 0.000010 0.000010
0.577877 0.000010 0.007557 0.045419 0.000010 0.140087 0.115619 0.113421
0.002348 0.365226 0.037199 0.000010 0.040823 0.000010 0.195414 0.358971
0.000010 0.000010 0.001890 0.000010 0.044802 0.000010 0.645055 0.308213
0.033531 0.211733 0.021707 0.000010 0.007819 0.000010 0.367012 0.358177
0.000010 0.000010 0.064727 0.000010 0.002263 0.000010 0.443107 0.489863
0.000010 0.577689 0.136583 0.000010 0.000010 0.000010 0.000010 0.285678
0.000010 0.000010 0.297210 0.000010 0.000010 0.000010 0.405077 0.297662
0.000010 0.179813 0.083859 0.000010 0.013584 0.000010 0.242027 0.480688
0.000010 0.198090 0.102635 0.000010 0.000010 0.000010 0.358075 0.341160
0.010819 0.013578 0.042000 0.000010 0.108181 0.000010 0.356742 0.468662
0.000010 0.214364 0.056483 0.000010 0.068515 0.000010 0.540040 0.120568
0.164017 0.000010 0.000010 0.013629 0.057603 0.083647 0.418966 0.262117
0.093283 0.110938 0.091892 0.059362 0.000010 0.217835 0.219411 0.207268
0.086096 0.000010 0.541504 0.042447 0.016638 0.093053 0.000010 0.220241
0.154933 0.000010 0.172425 0.000010 0.000010 0.136295 0.234813 0.301504
0.092968 0.208972 0.000010 0.020993 0.000218 0.157499 0.301814 0.217525
0.042841 0.002291 0.061409 0.000010 0.066469 0.163671 0.427993 0.235317
0.111369 0.021381 0.080520 0.004241 0.037556 0.208942 0.412745 0.123245
0.451630 0.238305 0.130820 0.000010 0.020555 0.158223 0.000010 0.000446
0.411028 0.010711 0.052738 0.000010 0.066911 0.182745 0.151019 0.124839
0.401188 0.208386 0.157277 0.063598 0.000010 0.121540 0.000010 0.047990
0.488344 0.000010 0.134277 0.055024 0.007623 0.146607 0.168105 0.000010
0.466222 0.236085 0.197445 0.034386 0.000010 0.065833 0.000010 0.000010
0.512900 0.277418 0.057410 0.024783 0.008714 0.118754 0.000010 0.000010
0.545267 0.000010 0.193967 0.063664 0.000010 0.030105 0.143278 0.023701
0.645092 0.000010 0.115371 0.064882 0.000010 0.000010 0.174615 0.000010
0.505935 0.021002 0.417993 0.039786 0.000010 0.015254 0.000010 0.000010
0.317874 0.076005 0.043732 0.066240 0.010829 0.048775 0.302676 0.133869
0.000010 0.000010 0.000010 0.059792 0.000010 0.930342 0.000010 0.009816
0.000010 0.000010 0.000010 0.000010 0.000010 0.999930 0.000010 0.000010
0.000010 0.080400 0.000010 0.022892 0.000010 0.896658 0.000010 0.000010
0.000010 0.000010 0.052333 0.024373 0.000010 0.923244 0.000010 0.000010
0.000010 0.000010 0.085336 0.000010 0.000010 0.914604 0.000010 0.000010
0.000010 0.000010 0.000010 0.058305 0.000010 0.865583 0.076062 0.000010
0.000010 0.112301 0.000010 0.053893 0.000010 0.833755 0.000010 0.000010
0.000010 0.000010 0.126482 0.000010 0.000010 0.873458 0.000010 0.000010
0.030737 0.000010 0.000010 0.034590 0.000010 0.934623 0.000010 0.000010
0.000010 0.040882 0.000010 0.063910 0.000010 0.895158 0.000010 0.000010
0.000010 0.000010 0.999930 0.000010 0.000010 0.000010 0.000010 0.000010
0.000010 0.253939 0.143386 0.000010 0.012111 0.000010 0.369564 0.220970
0.094265 0.069777 0.055133 0.002527 0.037086 0.000010 0.568315 0.172888
0.000010 0.000010 0.107111 0.000010 0.056207 0.000010 0.661829 0.174813
0.000010 0.000010 0.212157 0.000010 0.000010 0.000010 0.787783 0.000010
0.000010 0.372946 0.044968 0.000010 0.000010 0.000010 0.495088 0.086958
0.000010 0.245024 0.000010 0.000010 0.000010 0.009330 0.000010 0.745596
0.035423 0.000010 0.028949 0.000010 0.000010 0.000010 0.000010 0.935578
0.000010 0.000010 0.000010 0.000010 0.000010 0.000010 0.000010 0.999930
0.000209 0.000010 0.000010 0.000010 0.000010 0.000010 0.000010 0.999731
0.000010 0.000010 0.060108 0.000010 0.000010 0.000010 0.000010 0.939832
0.000010 0.000010 0.000010 0.000010 0.000010 0.000010 0.000010 0.999930
0.000010 0.237923 0.000010 0.000010 0.000010 0.000010 0.000010 0.762017
0.000010 0.227739 0.000010 0.000015 0.018093 0.000010 0.000010 0.754113
0.094090 0.000010 0.000010 0.007598 0.000010 0.000010 0.000010 0.898263
0.000010 0.239165 0.071381 0.000010 0.000010 0.000010 0.000010 0.689404
0.000010 0.142640 0.085031 0.037899 0.037962 0.643899 0.032741 0.019818
0.000010 0.000010 0.254427 0.000010 0.001604 0.660384 0.083545 0.000010
0.017358 0.248576 0.000010 0.001068 0.028635 0.704332 0.000010 0.000010
0.226011 0.034721 0.112692 0.039370 0.000010 0.587176 0.000010 0.000010
0.061150 0.159584 0.000010 0.073113 0.003343 0.665048 0.037742 0.000010
0.054479 0.000010 0.118318 0.051850 0.000523 0.671773 0.103036 0.000010
0.000342 0.000010 0.000010 0.039196 0.000010 0.851850 0.108571 0.000010
0.000010 0.000010 0.036548 0.027580 0.000010 0.684563 0.156609 0.094670
0.000010 0.180166 0.000010 0.000010 0.025837 0.639954 0.042346 0.111666
0.000010 0.000010 0.000010 0.000010 0.000010 0.999930 0.000010 0.000010
0.000010 0.000010 0.000010 0.000010 0.000010 0.999930 0.000010 0.000010
0.000010 0.000010 0.000010 0.000010 0.000010 0.999930 0.000010 0.000010
0.000010 0.000010 0.011414 0.035247 0.000010 0.953289 0.000010 0.000010
0.000010 0.000010 0.000010 0.007359 0.000010 0.992581 0.000010 0.000010
0.000010 0.002162 0.000010 0.043402 0.000010 0.954387 0.000010 0.000010
0.000010 0.000010 0.011692 0.000010 0.000010 0.988248 0.000010 0.000010
0.000010 0.000010 0.000010 0.098975 0.000010 0.900965 0.000010 0.000010
0.000010 0.000010 0.000010 0.014894 0.000010 0.985046 0.000010 0.000010
0.000010 0.000010 0.000010 0.000010 0.000010 0.999930 0.000010 0.000010
0.111076 0.000010 0.099249 0.022772 0.000010 0.120424 0.646449 0.000010
0.361652 0.000010 0.123665 0.032902 0.018497 0.155005 0.282377 0.025892
0.115706 0.168346 0.062710 0.043266 0.000010 0.033678 0.576273 0.000010
0.430705 0.000010 0.000010 0.040017 0.039068 0.319044 0.131263 0.039883
0.185926 0.000010 0.108831 0.006663 0.000010 0.103739 0.594811 0.000010
0.179482 0.000010 0.068968 0.078938 0.005606 0.124035 0.487224 0.055738
0.205667 0.182437 0.039052 0.000010 0.000010 0.184768 0.372963 0.015093
0.205927 0.000010 0.076427 0.000010 0.089770 0.194057 0.428998 0.004802
0.185031 0.000010 0.075944 0.057212 0.020968 0.041214 0.501964 0.117658
0.299356 0.000010 0.228881 0.000010 0.000010 0.223359 0.248364 0.000010
0.073648 0.151800 0.067567 0.012564 0.037722 0.019959 0.526748 0.109992
0.038752 0.000010 0.278753 0.000010 0.043761 0.000010 0.444577 0.194127
0.081001 0.162279 0.060309 0.031451 0.014633 0.000010 0.458345 0.191973
0.076585 0.042508 0.193027 0.012173 0.019728 0.000010 0.477558 0.178411
0.285284 0.000010 0.223083 0.000010 0.005230 0.000010 0.340296 0.146078
0.000010 0.000010 0.570403 0.000010 0.000010 0.000010 0.429537 0.000010
0.000010 0.000010 0.588959 0.000010 0.011551 0.000010 0.399440 0.000010
0.051221 0.000010 0.535670 0.000010 0.053335 0.000010 0.341793 0.017951
0.283917 0.000010 0.310518 0.000010 0.018449 0.000010 0.372000 0.015086
0.000010 0.000010 0.999930 0.000010 0.000010 0.000010 0.000010 0.000010
0.000010 0.280213 0.135846 0.000010 0.055100 0.000010 0.233550 0.295261
0.048346 0.236254 0.257635 0.000010 0.000010 0.000010 0.120754 0.336982
0.000010 0.094250 0.299967 0.000010 0.004470 0.000010 0.312561 0.288723
0.000010 0.261801 0.219190 0.000010 0.046549 0.000010 0.183659 0.288771
0.000010 0.000010 0.999930 0.000010 0.000010 0.000010 0.000010 0.000010
0.000010 0.524083 0.318519 0.000010 0.000010 0.000010 0.000010 0.157348
0.000010 0.263492 0.150761 0.000010 0.038942 0.000010 0.255220 0.291554
0.004363 0.307813 0.000010 0.000010 0.080983 0.000010 0.261401 0.345410
0.001935 0.010852 0.000010 0.000010 0.084658 0.049907 0.550082 0.302546
0.060745 0.007449 0.050592 0.000548 0.045645 0.000010 0.587008 0.248003
0.000010 0.000010 0.179289 0.000010 0.024207 0.000010 0.719509 0.076955
0.000010 0.227261 0.208835 0.000010 0.000010 0.000010 0.563854 0.000010
0.000010 0.000010 0.121154 0.000010 0.024301 0.000010 0.775406 0.079100
0.000010 0.018766 0.136390 0.000010 0.010858 0.000010 0.640760 0.193196
0.000010 0.000010 0.148392 0.000319 0.000010 0.000010 0.338266 0.512983
0.000010 0.411873 0.146143 0.000010 0.000010 0.000010 0.441934 0.000010
0.005582 0.299773 0.067780 0.000010 0.005689 0.000010 0.621146 0.000010
0.064694 0.000010 0.096021 0.049790 0.007976 0.000010 0.565227 0.216271
0.000010 0.000010 0.188906 0.058962 0.000010 0.045806 0.706286 0.000010
0.023539 0.000010 0.088444 0.021148 0.000010 0.017157 0.663329 0.186364
0.000010 0.934842 0.000010 0.000010 0.065098 0.000010 0.000010 0.000010
0.000010 0.999930 0.000010 0.000010 0.000010 0.000010 0.000010 0.000010
0.000010 0.999930 0.000010 0.000010 0.000010 0.000010 0.000010 0.000010
0.000010 0.508352 0.000010 0.000010 0.033523 0.000010 0.284840 0.173244
0.000010 0.269125 0.082996 0.000010 0.124165 0.000010 0.267806 0.255878
0.000010 0.637646 0.362294 0.000010 0.000010 0.000010 0.000010 0.000010
0.000010 0.344266 0.000010 0.000010 0.105759 0.000010 0.385971 0.163963
0.000010 0.283779 0.000010 0.000010 0.081087 0.000010 0.432874 0.202220
0.000010 0.007296 0.047600 0.000010 0.065850 0.000010 0.714531 0.164694
0.000010 0.999930 0.000010 0.000010 0.000010 0.000010 0.000010 0.000010
0.626156 0.148640 0.123413 0.016917 0.000010 0.084844 0.000010 0.000010
0.614461 0.132929 0.023136 0.010587 0.009415 0.196362 0.000010 0.013100
0.534500 0.313674 0.014368 0.083360 0.015477 0.038601 0.000010 0.000010
0.518760 0.290567 0.046553 0.000010 0.019561 0.124529 0.000010 0.000010
0.559938 0.219892 0.009523 0.034154 0.000010 0.057489 0.118984 0.000010
0.604812 0.000010 0.000010 0.031815 0.000010 0.043462 0.319871 0.000010
0.685761 0.000010 0.061236 0.019394 0.000657 0.096151 0.106882 0.029908
0.584222 0.000010 0.032895 0.000010 0.047649 0.091037 0.206393 0.037784
0.586521 0.015095 0.092705 0.010918 0.042184 0.121450 0.000010 0.131116
0.766351 0.159516 0.000010 0.052016 0.000010 0.022077 0.000010 0.000010
0.024822 0.000010 0.112134 0.031248 0.000010 0.244737 0.587028 0.000010
0.133287 0.000010 0.000010 0.037197 0.027916 0.201551 0.487101 0.112928
0.371461 0.000010 0.089373 0.020458 0.000010 0.027743 0.490935 0.000010
0.083094 0.000010 0.000010 0.013534 0.036413 0.157829 0.392362 0.316748
0.042443 0.000010 0.000010 0.030273 0.031037 0.090146 0.697274 0.108807
0.145253 0.207373 0.000010 0.000010 0.061239 0.206735 0.366017 0.013361
0.083472 0.000010 0.123234 0.000010 0.002515 0.118724 0.591177 0.080858
0.048582 0.000010 0.000010 0.006361 0.047093 0.020799 0.390556 0.486588
0.092889 0.000010 0.046474 0.007274 0.015943 0.000010 0.471379 0.366021
0.011710 0.000010 0.091399 0.000010 0.029431 0.019085 0.402065 0.446291
0.027123 0.254947 0.047033 0.008662 0.032801 0.000010 0.360232 0.269192
0.030004 0.000010 0.094079 0.000010 0.000010 0.021934 0.540790 0.313163
0.004476 0.052454 0.140419 0.000010 0.084026 0.007039 0.381090 0.330487
0.026528 0.043663 0.000010 0.003090 0.043411 0.000010 0.548387 0.334901
0.002989 0.000010 0.095395 0.003716 0.016300 0.000010 0.457111 0.424469
0.000010 0.000010 0.337686 0.028602 0.000010 0.000010 0.361457 0.272215
0.000010 0.000010 0.004585 0.002665 0.043206 0.000010 0.491915 0.457598
0.999930 0.000010 0.000010 0.000010 0.000010 0.000010 0.000010 0.000010
0.999926 0.000010 0.000010 0.000010 0.000011 0.000012 0.000010 0.000010
0.921523 0.078417 0.000010 0.000010 0.000010 0.000010 0.000010 0.000010
0.891070 0.108870 0.000010 0.000010 0.000010 0.000010 0.000010 0.000010
0.859549 0.000010 0.140391 0.000010 0.000010 0.000010 0.000010 0.000010
0.999930 0.000010 0.000010 0.000010 0.000010 0.000010 0.000010 0.000010
0.999930 0.000010 0.000010 0.000010 0.000010 0.000010 0.000010 0.000010
0.999930 0.000010 0.000010 0.000010 0.000010 0.000010 0.000010 0.000010
0.006068 0.590950 0.000010 0.000010 0.026324 0.000010 0.000010 0.376618
0.039076 0.000010 0.155693 0.000858 0.000010 0.000010 0.477089 0.327255
0.035282 0.468534 0.036191 0.019091 0.019313 0.000010 0.123997 0.297581
0.000010 0.000010 0.018034 0.000010 0.077995 0.000010 0.307402 0.596529
0.033191 0.000010 0.162013 0.000010 0.021838 0.000010 0.372401 0.410526
0.000010 0.359593 0.027434 0.000010 0.051414 0.023913 0.000010 0.537616
0.000010 0.000010 0.300284 0.000010 0.021283 0.054260 0.189238 0.434905
0.048585 0.500439 0.000010 0.000010 0.008717 0.024953 0.000010 0.417276
0.032267 0.165536 0.041774 0.000010 0.067776 0.067541 0.150207 0.474889
0.000010 0.000010 0.000010 0.000010 0.095684 0.000010 0.000010 0.904256
0.036960 0.082993 0.000010 0.000010 0.000010 0.000167 0.759956 0.119894
0.143880 0.037297 0.036487 0.000010 0.049426 0.177580 0.458248 0.097071
0.078410 0.079015 0.454936 0.028921 0.000010 0.177872 0.180826 0.000010
0.153023 0.225043 0.000010 0.006245 0.000010 0.209389 0.318507 0.087773
0.000010 0.000010 0.000010 0.999930 0.000010 0.000010 0.000010 0.000010
0.000010 0.000010 0.000010 0.999930 0.000010 0.000010 0.000010 0.000010
0.000010 0.000010 0.000010 0.999930 0.000010 0.000010 0.000010 0.000010
0.000010 0.000010 0.000010 0.999930 0.000010 0.000010 0.000010 0.000010
0.000010 0.000010 0.000010 0.999930 0.000010 0.000010 0.000010 0.000010
0.000010 0.000010 0.000010 0.999930 0.000010 0.000010 0.000010 0.000010
0.000010 0.000010 0.000010 0.537632 0.000010 0.462308 0.000010 0.000010
0.000010 0.000010 0.000010 0.527982 0.000010 0.471958 0.000010 0.000010
0.000010 0.000010 0.000010 0.447822 0.000010 0.549111 0.000010 0.003017
0.000010 0.044026 0.000010 0.395719 0.000010 0.560204 0.000010 0.000010
0.163177 0.344291 0.053646 0.000010 0.079831 0.107360 0.000010 0.251675
0.549455 0.131753 0.000010 0.028835 0.049580 0.033386 0.000010 0.206972
0.229993 0.262412 0.067271 0.032025 0.029518 0.013331 0.125109 0.240341
0.062913 0.048735 0.000010 0.008223 0.088580 0.000010 0.359006 0.432523
0.060267 0.298629 0.000010 0.002810 0.061393 0.067813 0.113582 0.395496
0.448622 0.000010 0.166598 0.016391 0.051250 0.030818 0.008720 0.277592
0.000010 0.064914 0.183924 0.000010 0.271732 0.000010 0.000010 0.479390
0.091897 0.389474 0.005563 0.000010 0.049653 0.084495 0.023731 0.355177
0.228728 0.336642 0.324651 0.000010 0.036559 0.000010 0.000010 0.073390
0.190493 0.247706 0.050071 0.015805 0.034068 0.018378 0.213670 0.229808
0.143872 0.000010 0.000010 0.000010 0.000010 0.139205 0.582407 0.134476
0.105707 0.002706 0.064873 0.003145 0.067056 0.194101 0.562403 0.000010
0.128622 0.000010 0.132993 0.072507 0.000010 0.144796 0.521052 0.000010
0.000010 0.000010 0.515650 0.000010 0.075835 0.216708 0.000010 0.191767
0.045594 0.000010 0.063653 0.013495 0.000010 0.438372 0.438856 0.000010
0.018814 0.000010 0.198084 0.000010 0.000010 0.436730 0.346333 0.000010
0.309902 0.000010 0.000010 0.000010 0.010224 0.188947 0.407988 0.082908
0.042945 0.000010 0.070413 0.057804 0.000010 0.483507 0.334686 0.010625
0.069341 0.181250 0.122138 0.011302 0.012552 0.423727 0.179681 0.000010
0.084140 0.000010 0.153770 0.037555 0.008006 0.446094 0.250506 0.019919
0.472112 0.000010 0.001538 0.046163 0.000010 0.309676 0.160683 0.009807
0.378340 0.126980 0.074711 0.015053 0.000010 0.363383 0.041512 0.000010
0.522957 0.000010 0.000010 0.030687 0.008830 0.338609 0.098886 0.000010
0.494298 0.118790 0.024695 0.022264 0.000010 0.339923 0.000010 0.000010
0.438230 0.000010 0.172150 0.060054 0.044911 0.178861 0.105775 0.000010
0.517859 0.000010 0.009461 0.045208 0.014348 0.295972 0.117131 0.000010
0.470786 0.062565 0.168357 0.064156 0.000010 0.234106 0.000010 0.000010
0.485732 0.000010 0.000010 0.015291 0.000010 0.368890 0.130048 0.000010
0.395209 0.158354 0.053739 0.036443 0.008638 0.282847 0.000010 0.064759
0.428049 0.000010 0.076215 0.089213 0.010494 0.240319 0.155689 0.000010
