0.022528 0.095355 0.882117
0.034781 0.174857 0.790362
0.050007 0.181046 0.768947
0.000010 0.145346 0.854644
0.036068 0.070892 0.893040
0.012194 0.017736 0.970070
0.040147 0.119079 0.840774
0.053875 0.374021 0.572104
0.000010 0.282577 0.717413
0.022545 0.051373 0.926082
0.149403 0.371614 0.478983
0.163689 0.360132 0.476180
0.086245 0.115898 0.797857
0.172824 0.132229 0.694947
0.092898 0.281104 0.625998
0.236066 0.364422 0.399513
0.145109 0.411028 0.443863
0.999980 0.000010 0.000010
0.999980 0.000010 0.000010
0.999980 0.000010 0.000010
0.999980 0.000010 0.000010
0.999980 0.000010 0.000010
0.999980 0.000010 0.000010
0.999980 0.000010 0.000010
0.999980 0.000010 0.000010
0.999980 0.000010 0.000010
0.999980 0.000010 0.000010
0.639821 0.183776 0.176403
0.427842 0.495830 0.076328
0.303419 0.004637 0.691945
0.304899 0.080414 0.614687
0.322714 0.044219 0.633067
0.233395 0.066172 0.700434
0.256530 0.155042 0.588427
0.269096 0.002798 0.728106
0.577774 0.026812 0.395415
0.651143 0.263039 0.085818
0.009326 0.089731 0.900942
0.005652 0.044259 0.950089
0.054749 0.183638 0.761613
0.020910 0.118163 0.860927
0.000010 0.074100 0.925890
0.069687 0.102292 0.828021
0.015187 0.106234 0.878579
0.012691 0.063529 0.923781
0.065804 0.165157 0.769039
0.023114 0.137754 0.839132
0.029456 0.132539 0.838005
0.051073 0.290460 0.658467
0.045436 0.206635 0.747929
0.000010 0.248020 0.751970
0.089395 0.108745 0.801859
0.041699 0.201909 0.756392
0.050159 0.206132 0.743709
0.031934 0.150489 0.817577
0.035237 0.206881 0.757882
0.106779 0.131634 0.761587
0.066428 0.180208 0.753365
0.063823 0.056976 0.879201
0.062973 0.096501 0.840526
0.305223 0.042796 0.651981
0.012618 0.156431 0.830951
0.049181 0.186334 0.764485
0.043260 0.215309 0.741431
0.032509 0.164301 0.803190
0.065164 0.313886 0.620950
0.000010 0.585045 0.414945
0.000010 0.517233 0.482757
0.009577 0.600871 0.389552
0.010464 0.487991 0.501545
0.000010 0.526325 0.473665
0.011515 0.442797 0.545689
0.000010 0.744151 0.255839
0.024028 0.614648 0.361324
0.000010 0.564004 0.435986
0.000010 0.513291 0.486699
0.000010 0.133906 0.866084
0.000010 0.092483 0.907507
0.001306 0.131410 0.867284
0.000010 0.068835 0.931155
0.000010 0.049962 0.950028
0.000010 0.096717 0.903273
0.200655 0.184916 0.614429
0.000010 0.091442 0.908548
0.018858 0.035182 0.945961
0.000010 0.003791 0.996199
0.152408 0.360737 0.486854
0.083377 0.326081 0.590542
0.100977 0.235857 0.663165
0.063322 0.532953 0.403725
0.033502 0.082677 0.883821
0.041842 0.150444 0.807714
0.000010 0.000010 0.999980
0.076596 0.145384 0.778019
0.124234 0.244539 0.631227
0.193378 0.096365 0.710257
0.232895 0.096623 0.670482
0.352411 0.164957 0.482632
0.249617 0.151960 0.598422
0.139290 0.187015 0.673695
0.268601 0.172194 0.559205
0.257913 0.059953 0.682134
0.298479 0.213213 0.488308
0.234722 0.168517 0.596761
0.057750 0.521549 0.420701
0.033288 0.379437 0.587275
0.088468 0.409692 0.501841
0.035899 0.429338 0.534763
0.111929 0.379282 0.508789
0.065637 0.492380 0.441983
0.049376 0.556206 0.394418
0.140980 0.414349 0.444671
0.082676 0.139007 0.778316
0.044126 0.518750 0.437124
0.471044 0.025572 0.503384
0.403005 0.107164 0.489831
0.629631 0.027832 0.342536
0.662866 0.052537 0.284597
0.589796 0.033544 0.376659
0.534027 0.247254 0.218719
0.600118 0.215676 0.184206
0.681727 0.166728 0.151545
0.590348 0.002133 0.407518
0.406486 0.000010 0.593504
0.117142 0.650839 0.232019
0.069775 0.589200 0.341024
0.068018 0.540471 0.391511
0.084244 0.527085 0.388672
0.153438 0.618922 0.227640
0.119792 0.515970 0.364238
0.243902 0.333362 0.422736
0.184769 0.583825 0.231407
0.065662 0.669369 0.264970
0.076123 0.681745 0.242132
0.066716 0.000010 0.933274
0.013824 0.030625 0.955551
0.000010 0.020710 0.979280
0.018060 0.000010 0.981930
0.056636 0.053018 0.890347
0.092886 0.000010 0.907104
0.044919 0.006355 0.948727
0.068074 0.059326 0.872600
0.000010 0.004386 0.995604
0.004925 0.046309 0.948765
0.082806 0.020822 0.896373
0.055360 0.014043 0.930597
0.000010 0.128939 0.871051
0.173682 0.017313 0.809005
0.033592 0.032938 0.933470
0.633001 0.328736 0.038263
0.651204 0.213935 0.134860
0.545767 0.454223 0.000010
0.579959 0.420031 0.000010
0.620883 0.379107 0.000010
0.741433 0.258557 0.000010
0.623135 0.320109 0.056757
0.452225 0.547765 0.000010
0.609318 0.299081 0.091602
0.542889 0.412775 0.044336
0.023629 0.056050 0.920321
0.000010 0.024843 0.975147
0.000010 0.000010 0.999980
0.059032 0.078954 0.862014
0.000140 0.000010 0.999850
0.056735 0.114162 0.829103
0.034543 0.053412 0.912044
0.000010 0.061823 0.938167
0.000010 0.032179 0.967811
0.012709 0.120233 0.867057
0.002939 0.064788 0.932272
0.000010 0.104725 0.895265
0.027459 0.000010 0.972531
0.006743 0.090251 0.903006
0.931204 0.063157 0.005639
0.836157 0.163833 0.000010
0.873080 0.121520 0.005400
0.991295 0.008695 0.000010
0.908580 0.072906 0.018514
0.895675 0.104315 0.000010
0.999980 0.000010 0.000010
0.994954 0.000010 0.005036
0.999980 0.000010 0.000010
0.999980 0.000010 0.000010
0.954227 0.045763 0.000010
0.125065 0.387965 0.486970
0.166945 0.395922 0.437133
0.195898 0.585478 0.218624
0.079508 0.538427 0.382065
0.113681 0.626599 0.259719
0.121078 0.522721 0.356202
0.096113 0.377990 0.525897
0.067811 0.551258 0.380930
0.165981 0.366848 0.467171
0.108422 0.483903 0.407675
0.094666 0.486105 0.419229
0.358858 0.583223 0.057919
0.083148 0.434613 0.482239
0.023333 0.452442 0.524225
0.314871 0.336080 0.349049
0.242423 0.621597 0.135980
0.223650 0.713734 0.062616
0.153751 0.733513 0.112736
0.326372 0.673618 0.000010
0.189277 0.626493 0.184230
0.004383 0.031241 0.964376
0.000010 0.014068 0.985922
0.000010 0.058988 0.941002
0.011713 0.020811 0.967476
0.046166 0.000010 0.953824
0.011400 0.031114 0.957486
0.012715 0.003060 0.984225
0.020139 0.000010 0.979851
0.000010 0.064615 0.935375
0.007688 0.001651 0.990661
0.095307 0.200561 0.704132
0.298058 0.118656 0.583286
0.253838 0.146960 0.599202
0.170584 0.201660 0.627756
0.176193 0.113762 0.710045
0.163853 0.082126 0.754021
0.220648 0.143824 0.635528
0.190572 0.501696 0.307732
0.186345 0.465649 0.348007
0.230141 0.445134 0.324726
0.227786 0.553685 0.218530
0.147161 0.517356 0.335483
0.166966 0.543655 0.289379
0.135125 0.609230 0.255645
0.082092 0.710670 0.207237
0.174926 0.622871 0.202203
0.124622 0.349232 0.526145
0.986585 0.008896 0.004519
0.999980 0.000010 0.000010
0.960122 0.000010 0.039868
0.970072 0.029918 0.000010
0.936835 0.035652 0.027513
0.910322 0.020112 0.069566
0.909366 0.012461 0.078173
0.932283 0.035998 0.031719
0.940318 0.059672 0.000010
0.987318 0.000336 0.012346
0.162548 0.000010 0.837442
0.000010 0.000010 0.999980
0.001817 0.129301 0.868882
0.000010 0.003683 0.996307
0.000010 0.000010 0.999980
0.000010 0.000010 0.999980
0.063331 0.000010 0.936659
0.040585 0.106209 0.853206
0.012343 0.050207 0.937450
0.027767 0.104689 0.867544
0.059069 0.000858 0.940073
0.039335 0.037417 0.923248
0.034505 0.040583 0.924912
0.016085 0.033495 0.950420
0.060223 0.151355 0.788422
0.049435 0.000010 0.950555
0.698275 0.013136 0.288590
0.720933 0.012448 0.266619
0.693160 0.049991 0.256849
0.654352 0.304777 0.040871
0.728484 0.075132 0.196384
0.744157 0.091028 0.164815
0.870280 0.032173 0.097547
0.727922 0.000010 0.272068
0.635602 0.010330 0.354068
0.999980 0.000010 0.000010
0.999980 0.000010 0.000010
0.999980 0.000010 0.000010
0.999980 0.000010 0.000010
0.999980 0.000010 0.000010
0.999980 0.000010 0.000010
0.999980 0.000010 0.000010
0.999980 0.000010 0.000010
0.999980 0.000010 0.000010
0.999980 0.000010 0.000010
0.152315 0.148377 0.699307
0.205387 0.417463 0.377150
0.081334 0.137054 0.781611
0.353858 0.477717 0.168425
0.119211 0.231947 0.648842
0.210597 0.210791 0.578612
0.177954 0.232956 0.589090
0.186371 0.256379 0.557249
0.107727 0.219009 0.673264
0.263487 0.367417 0.369095
0.037820 0.096715 0.865465
0.030648 0.091954 0.877398
0.028162 0.112216 0.859623
0.034464 0.122786 0.842750
0.000010 0.376013 0.623977
0.069036 0.085551 0.845413
0.051528 0.103318 0.845154
0.082479 0.128454 0.789067
0.000010 0.392430 0.607560
0.121238 0.040348 0.838414
0.002256 0.000010 0.997734
0.034401 0.096557 0.869042
0.029046 0.000010 0.970944
0.018348 0.020592 0.961060
0.281853 0.000010 0.718137
0.012202 0.000010 0.987788
0.000010 0.003751 0.996239
0.000010 0.030704 0.969286
0.040600 0.044798 0.914602
0.006017 0.091995 0.901989
0.009786 0.031678 0.958536
0.024477 0.007489 0.968035
0.003162 0.000010 0.996828
0.000010 0.049635 0.950355
0.032923 0.030815 0.936261
0.031214 0.000010 0.968776
0.000010 0.021007 0.978983
0.059699 0.104428 0.835873
0.131409 0.034920 0.833672
0.049201 0.056331 0.894468
0.000010 0.000010 0.999980
0.000010 0.000010 0.999980
0.000010 0.000010 0.999980
0.000010 0.000010 0.999980
0.007493 0.019528 0.972979
0.043604 0.000010 0.956386
0.000010 0.000010 0.999980
0.000010 0.000010 0.999980
0.003690 0.000010 0.996300
0.000010 0.000010 0.999980
0.134790 0.698554 0.166656
0.220373 0.669308 0.110318
0.138271 0.558226 0.303503
0.131098 0.562167 0.306735
0.097358 0.598195 0.304447
0.072277 0.650861 0.276862
0.124306 0.748948 0.126746
0.086178 0.647244 0.266578
0.158495 0.647025 0.194480
0.086006 0.821011 0.092983
0.285738 0.069407 0.644855
0.229261 0.166071 0.604668
0.058747 0.424148 0.517105
0.171677 0.118859 0.709463
0.110984 0.072159 0.816857
0.194687 0.176959 0.628354
0.127657 0.121030 0.751314
0.036953 0.088010 0.875037
0.015398 0.128640 0.855963
0.036547 0.054302 0.909152
0.003298 0.058824 0.937878
0.039615 0.062091 0.898294
0.029535 0.044798 0.925667
0.000010 0.056367 0.943623
0.017099 0.042513 0.940388
0.111255 0.009269 0.879476
0.006657 0.013920 0.979423
0.000010 0.999980 0.000010
0.000010 0.999980 0.000010
0.000014 0.999976 0.000010
0.000010 0.999980 0.000010
0.000010 0.999980 0.000010
0.000010 0.999980 0.000010
0.000010 0.999980 0.000010
0.000014 0.999976 0.000010
0.000010 0.044515 0.955475
0.023776 0.085497 0.890727
0.031151 0.046246 0.922603
0.011285 0.030359 0.958355
0.030784 0.074140 0.895075
0.043400 0.026632 0.929967
0.116114 0.046510 0.837376
0.053654 0.067263 0.879083
0.081602 0.066236 0.852162
0.042631 0.049794 0.907575
0.002265 0.057275 0.940459
0.172122 0.178295 0.649582
0.296976 0.133905 0.569119
0.208622 0.174403 0.616974
0.999980 0.000010 0.000010
0.999980 0.000010 0.000010
0.999980 0.000010 0.000010
0.999980 0.000010 0.000010
0.999980 0.000010 0.000010
0.999980 0.000010 0.000010
0.999980 0.000010 0.000010
0.999980 0.000010 0.000010
0.999980 0.000010 0.000010
0.999716 0.000010 0.000274
0.125948 0.195796 0.678256
0.077603 0.607661 0.314736
0.063029 0.251772 0.685199
0.003798 0.107066 0.889137
0.079057 0.085852 0.835091
0.080160 0.508199 0.411641
0.000010 0.083174 0.916816
0.096441 0.109810 0.793748
0.049418 0.284910 0.665672
0.046391 0.220981 0.732628
0.127924 0.174070 0.698006
0.189595 0.145082 0.665323
0.236681 0.158002 0.605317
0.340929 0.072344 0.586727
0.451539 0.084189 0.464273
0.468974 0.084048 0.446978
0.182699 0.346372 0.470928
0.545816 0.070986 0.383198
0.451839 0.108650 0.439511
0.511042 0.125113 0.363845
0.352732 0.515480 0.131788
0.392206 0.414601 0.193194
0.362992 0.576102 0.060907
0.368960 0.558317 0.072723
0.274878 0.504077 0.221045
0.338249 0.570150 0.091601
0.347578 0.540888 0.111535
0.380592 0.538492 0.080915
0.336810 0.436515 0.226675
0.343301 0.482625 0.174074
