0.044992 0.000060 0.000010 0.661981 0.216770 0.076186
0.000010 0.029271 0.039435 0.665968 0.103082 0.162234
0.010651 0.029471 0.305497 0.411842 0.079440 0.163099
0.000010 0.000010 0.005881 0.842240 0.000010 0.151849
0.115321 0.046690 0.076387 0.706438 0.000010 0.055153
0.031702 0.000010 0.355696 0.526045 0.086537 0.000010
0.031051 0.003973 0.025997 0.553981 0.292845 0.092153
0.042851 0.050381 0.000010 0.478651 0.083915 0.344192
0.000010 0.000010 0.000010 0.663992 0.075168 0.260810
0.000010 0.000010 0.318095 0.516288 0.129757 0.035841
0.039926 0.155636 0.000010 0.458354 0.000010 0.346064
0.006224 0.168056 0.000010 0.474760 0.010445 0.340505
0.004970 0.059319 0.000010 0.618600 0.219317 0.097785
0.000010 0.143926 0.215741 0.393821 0.138211 0.108291
0.007796 0.104470 0.000010 0.621116 0.000010 0.266597
0.079387 0.233623 0.000010 0.320331 0.027827 0.338822
0.072386 0.144557 0.000010 0.366165 0.038153 0.378730
0.000010 0.969431 0.000010 0.030529 0.000010 0.000010
0.000010 0.999950 0.000010 0.000010 0.000010 0.000010
0.000010 0.996002 0.003958 0.000010 0.000010 0.000010
0.000010 0.999945 0.000010 0.000010 0.000015 0.000010
0.000010 0.999950 0.000010 0.000010 0.000010 0.000010
0.000010 0.999950 0.000010 0.000010 0.000010 0.000010
0.000010 0.999950 0.000010 0.000010 0.000010 0.000010
0.000017 0.927073 0.072880 0.000010 0.000010 0.000010
0.000010 0.877768 0.000010 0.000010 0.122192 0.000010
0.000010 0.993234 0.000010 0.000010 0.000010 0.006726
0.000010 0.607743 0.173208 0.029663 0.024390 0.164985
0.050805 0.417972 0.000010 0.066893 0.000010 0.464310
0.007879 0.291891 0.000010 0.605903 0.094308 0.000010
0.015152 0.295989 0.000010 0.539572 0.084746 0.064531
0.008105 0.332549 0.000010 0.620963 0.000010 0.038362
0.000010 0.246292 0.000010 0.693388 0.000010 0.060290
0.000010 0.244532 0.000010 0.515104 0.107975 0.132369
0.000010 0.265732 0.000010 0.669137 0.065101 0.000010
0.016047 0.552197 0.000010 0.315926 0.108409 0.007412
0.000010 0.639913 0.000010 0.115692 0.000010 0.244365
0.016972 0.000010 0.581519 0.342038 0.000010 0.059451
0.055867 0.000010 0.133572 0.676403 0.101211 0.032937
0.078210 0.043524 0.122624 0.493790 0.103922 0.157931
0.106666 0.029808 0.091720 0.666730 0.000010 0.105066
0.037746 0.000010 0.348364 0.557538 0.000010 0.056332
0.033686 0.050911 0.489712 0.332842 0.002467 0.090383
0.047967 0.000010 0.206740 0.477310 0.199612 0.068362
0.047058 0.000010 0.000010 0.649477 0.275575 0.027870
0.034781 0.054730 0.025141 0.597875 0.140450 0.147023
0.019575 0.000010 0.000010 0.611899 0.258621 0.109885
0.083805 0.011611 0.000010 0.591170 0.217598 0.095806
0.025295 0.062549 0.000010 0.640502 0.000010 0.271634
0.018460 0.030747 0.217154 0.462173 0.089741 0.181726
0.028608 0.013070 0.000010 0.725604 0.000010 0.232698
0.000010 0.068304 0.000010 0.643892 0.210971 0.076813
0.000010 0.035169 0.000010 0.673851 0.111282 0.179677
0.005580 0.043331 0.000010 0.651005 0.119246 0.180828
0.028145 0.021976 0.000010 0.673128 0.146935 0.129806
0.044058 0.043410 0.000010 0.686607 0.035788 0.190127
0.000010 0.033571 0.288299 0.172071 0.429645 0.076404
0.017337 0.048809 0.219691 0.461953 0.093422 0.158788
0.051560 0.064694 0.000010 0.742022 0.099795 0.041919
0.008348 0.037949 0.000010 0.636260 0.250741 0.066693
0.000010 0.000010 0.000010 0.000010 0.999950 0.000010
0.014061 0.009689 0.000010 0.722253 0.109560 0.144427
0.002065 0.037834 0.000010 0.650361 0.148006 0.161724
0.028125 0.041978 0.000010 0.648095 0.089668 0.192125
0.024757 0.012057 0.000010 0.620486 0.204721 0.137969
0.022729 0.019962 0.000010 0.363022 0.332593 0.261684
0.019600 0.000010 0.000010 0.393390 0.035935 0.551056
0.000010 0.000010 0.000010 0.504465 0.000010 0.495495
0.008750 0.015468 0.000010 0.407206 0.000010 0.568556
0.000010 0.000010 0.002681 0.363588 0.209673 0.424038
0.021765 0.000010 0.000010 0.475785 0.000010 0.502420
0.000010 0.000010 0.000010 0.461381 0.137841 0.400749
0.002870 0.000010 0.005693 0.221697 0.089543 0.680187
0.000010 0.001076 0.040006 0.249769 0.144272 0.564867
0.000010 0.000010 0.000010 0.415595 0.059803 0.524573
0.000010 0.000010 0.000010 0.459431 0.062618 0.477922
0.999950 0.000010 0.000010 0.000010 0.000010 0.000010
0.999950 0.000010 0.000010 0.000010 0.000010 0.000010
0.999950 0.000010 0.000010 0.000010 0.000010 0.000010
0.999950 0.000010 0.000010 0.000010 0.000010 0.000010
0.136197 0.000010 0.232282 0.578498 0.024603 0.028411
0.999950 0.000010 0.000010 0.000010 0.000010 0.000010
0.742244 0.238147 0.000010 0.000010 0.000010 0.019579
0.999950 0.000010 0.000010 0.000010 0.000010 0.000010
0.218505 0.020163 0.139251 0.605617 0.000010 0.016453
0.034471 0.000010 0.000010 0.819055 0.146444 0.000010
0.069845 0.153697 0.056975 0.383328 0.000010 0.336145
0.058132 0.075353 0.028398 0.448969 0.092089 0.297060
0.005938 0.063860 0.383203 0.234192 0.098202 0.214604
0.021107 0.063609 0.039509 0.363203 0.000010 0.512562
0.036992 0.034971 0.241142 0.607275 0.007014 0.072605
0.035786 0.038665 0.274259 0.517868 0.000010 0.133411
0.011436 0.000010 0.552632 0.435902 0.000010 0.000010
0.016928 0.031062 0.221486 0.354112 0.268422 0.107991
0.022272 0.134844 0.005939 0.601739 0.000010 0.235195
0.017751 0.188488 0.051109 0.585440 0.065919 0.091293
0.038298 0.200566 0.000220 0.470574 0.214950 0.075392
0.008460 0.337461 0.052279 0.378866 0.072003 0.150930
0.029021 0.259565 0.000010 0.565356 0.007513 0.138534
0.054513 0.144346 0.021682 0.576745 0.029949 0.172765
0.024764 0.249912 0.012631 0.435808 0.123241 0.153644
0.000010 0.223533 0.266361 0.348195 0.116875 0.045025
0.068794 0.277374 0.068600 0.292278 0.107901 0.185052
0.011427 0.231002 0.000010 0.537196 0.063915 0.156451
0.000010 0.024883 0.000010 0.287544 0.220268 0.467286
0.000010 0.025048 0.000010 0.523378 0.106105 0.345448
0.003179 0.075681 0.012576 0.416660 0.116131 0.375773
0.041123 0.045320 0.000010 0.511685 0.000010 0.401852
0.000010 0.092662 0.000010 0.412460 0.156498 0.338359
0.012738 0.068123 0.000010 0.452556 0.000010 0.466563
0.000010 0.053452 0.000010 0.423026 0.000010 0.523493
0.042284 0.130162 0.000010 0.354436 0.096015 0.377092
0.000010 0.000010 0.000010 0.259867 0.713799 0.026304
0.000341 0.017895 0.000010 0.313426 0.197484 0.470844
0.000010 0.440071 0.331588 0.209145 0.000010 0.019176
0.030290 0.393855 0.000010 0.418243 0.066247 0.091355
0.012179 0.569017 0.000010 0.191824 0.225893 0.001076
0.000010 0.614260 0.164622 0.085722 0.099595 0.035791
0.001741 0.537174 0.000010 0.238119 0.206897 0.016058
0.047422 0.512017 0.000010 0.145934 0.081508 0.213109
0.000010 0.478240 0.000010 0.000010 0.413432 0.108297
0.027776 0.652422 0.177501 0.000010 0.000010 0.142282
0.042755 0.569698 0.000010 0.327190 0.060338 0.000010
0.054251 0.346473 0.000010 0.356148 0.243109 0.000010
0.006768 0.110244 0.000010 0.226070 0.045056 0.611852
0.032604 0.069132 0.038174 0.286890 0.019438 0.553762
0.000010 0.062499 0.000010 0.367290 0.066734 0.503456
0.007914 0.031388 0.000010 0.195541 0.297388 0.467759
0.007929 0.069510 0.000010 0.000010 0.363155 0.559386
0.000010 0.093916 0.000010 0.284569 0.151804 0.469691
0.000010 0.148012 0.000010 0.121159 0.452116 0.278694
0.000010 0.088842 0.000010 0.000010 0.417255 0.493873
0.020424 0.046922 0.061738 0.155324 0.091445 0.624146
0.035199 0.076042 0.012932 0.232779 0.000010 0.643039
0.000010 0.000010 0.455370 0.000010 0.544590 0.000010
0.028193 0.005704 0.024792 0.757123 0.167073 0.017116
0.079719 0.017505 0.029586 0.863025 0.000010 0.010155
0.036312 0.001501 0.000010 0.796087 0.166080 0.000010
0.022507 0.031073 0.552663 0.340901 0.012158 0.040698
0.000010 0.001727 0.325463 0.310774 0.362016 0.000010
0.030366 0.035538 0.059048 0.742400 0.132638 0.000010
0.054465 0.067686 0.000010 0.737379 0.090480 0.049980
0.000010 0.000010 0.350579 0.571613 0.077778 0.000010
0.066365 0.013359 0.079412 0.787669 0.010665 0.042530
0.021658 0.080395 0.000010 0.769439 0.118928 0.009570
0.059051 0.056792 0.009218 0.780925 0.089870 0.004144
0.031655 0.000010 0.291910 0.563783 0.000010 0.112632
0.042340 0.172543 0.000010 0.699122 0.077808 0.008176
0.078661 0.012339 0.021982 0.654185 0.219374 0.013459
0.009900 0.621640 0.000010 0.064931 0.000010 0.303509
0.001980 0.634351 0.000010 0.139710 0.028398 0.195551
0.002160 0.532700 0.000010 0.000010 0.012223 0.452897
0.019693 0.566938 0.000010 0.000010 0.000010 0.413339
0.134209 0.600751 0.000010 0.000010 0.000010 0.265010
0.003413 0.727207 0.000010 0.000010 0.000010 0.269349
0.000010 0.595186 0.120018 0.000010 0.006355 0.278421
0.000019 0.434363 0.000010 0.000010 0.027983 0.537615
0.000010 0.518221 0.000010 0.000010 0.270354 0.211396
0.000010 0.497985 0.000010 0.000010 0.130074 0.371911
0.049878 0.026005 0.091692 0.738549 0.044034 0.049842
0.109870 0.000010 0.118442 0.709717 0.049276 0.012684
0.024346 0.000010 0.382681 0.540707 0.052247 0.000010
0.069345 0.000010 0.031164 0.332900 0.566570 0.000010
0.031582 0.000010 0.100731 0.704434 0.163233 0.000010
0.074753 0.037506 0.085320 0.533742 0.181110 0.087569
0.034920 0.009365 0.408263 0.398557 0.113024 0.035870
0.034141 0.000010 0.260093 0.653314 0.000010 0.052432
0.000010 0.000010 0.416450 0.535475 0.036931 0.011124
0.011510 0.000010 0.403898 0.464244 0.011207 0.109130
0.022584 0.000010 0.572156 0.372566 0.000010 0.032675
0.028672 0.000010 0.359920 0.456549 0.079183 0.075666
0.027168 0.014858 0.333208 0.587391 0.037365 0.000010
0.008287 0.000010 0.338996 0.476856 0.111527 0.064324
0.011618 0.911120 0.000010 0.024774 0.000010 0.052468
0.000010 0.809691 0.060867 0.000010 0.000010 0.129412
0.032527 0.855266 0.000010 0.009594 0.000010 0.102593
0.029803 0.965507 0.000010 0.000010 0.000010 0.004660
0.007542 0.887646 0.000010 0.042734 0.000010 0.062058
0.000010 0.865813 0.000010 0.000010 0.037287 0.096870
0.000010 0.725500 0.000010 0.000010 0.274460 0.000010
0.000010 0.962225 0.000010 0.037735 0.000010 0.000010
0.000010 0.931372 0.042663 0.000010 0.025934 0.000010
0.036037 0.963923 0.000010 0.000010 0.000010 0.000010
0.009115 0.936100 0.000010 0.000010 0.000010 0.054754
0.020779 0.096497 0.000010 0.336411 0.202077 0.344226
0.004347 0.147526 0.000010 0.357320 0.129151 0.361645
0.018204 0.194516 0.000010 0.231364 0.000010 0.555896
0.004173 0.079414 0.003484 0.371894 0.031861 0.509173
0.015524 0.114360 0.000010 0.278215 0.000010 0.591882
0.000010 0.104351 0.000010 0.306108 0.106759 0.482762
0.054484 0.073796 0.000010 0.365074 0.169712 0.336923
0.000010 0.063287 0.000010 0.363609 0.054410 0.518674
0.000010 0.152571 0.000010 0.407633 0.102160 0.337617
0.020542 0.109726 0.061051 0.351379 0.000010 0.457293
0.042813 0.091800 0.000010 0.363523 0.048515 0.453339
0.000010 0.294719 0.000010 0.000010 0.214874 0.490378
0.105800 0.081814 0.000010 0.369173 0.041688 0.401515
0.075984 0.000010 0.000010 0.307000 0.223041 0.393955
0.030232 0.302694 0.000010 0.298418 0.060774 0.307871
0.000010 0.240394 0.000010 0.175638 0.000010 0.583938
0.000010 0.220229 0.000010 0.109163 0.000010 0.670578
0.010386 0.134272 0.039907 0.053788 0.076722 0.684925
0.000010 0.281037 0.000010 0.000010 0.138233 0.580700
0.001769 0.181689 0.055137 0.155019 0.013660 0.592727
0.052840 0.000010 0.401753 0.494070 0.043282 0.008044
0.057934 0.000010 0.043053 0.832264 0.054324 0.012414
0.023660 0.000010 0.143418 0.724494 0.055976 0.052442
0.024209 0.000010 0.230724 0.623359 0.111557 0.010140
0.000010 0.000010 0.979565 0.000010 0.020395 0.000010
0.000010 0.000010 0.032947 0.591760 0.375263 0.000010
0.033923 0.000010 0.198852 0.644710 0.122494 0.000010
0.000010 0.000530 0.138102 0.709668 0.151680 0.000010
0.125012 0.000010 0.131672 0.621839 0.079803 0.041664
0.083479 0.001464 0.000010 0.813833 0.101204 0.000010
0.067182 0.106301 0.040315 0.600396 0.000010 0.185797
0.006285 0.275344 0.069414 0.421770 0.119395 0.107791
0.037304 0.141009 0.051492 0.109884 0.563615 0.096695
0.000010 0.134721 0.135234 0.357007 0.196759 0.176269
0.015869 0.189623 0.000010 0.685813 0.000010 0.108674
0.072521 0.155884 0.060854 0.551221 0.095599 0.063921
0.042448 0.208036 0.000010 0.509017 0.117217 0.123272
0.006269 0.133263 0.293472 0.000010 0.119019 0.447967
0.067956 0.163912 0.130327 0.139208 0.069657 0.428940
0.000010 0.171714 0.297332 0.000010 0.141324 0.389610
0.016651 0.188988 0.000010 0.114292 0.177685 0.502375
0.000010 0.088426 0.252514 0.000010 0.201597 0.457444
0.006160 0.129509 0.303330 0.000010 0.056892 0.504098
0.000010 0.090591 0.004414 0.126865 0.224140 0.553980
0.000010 0.057682 0.000010 0.151202 0.136549 0.654547
0.000010 0.062847 0.000010 0.000010 0.434728 0.502395
0.017057 0.119869 0.018548 0.454771 0.061705 0.328050
0.000010 0.942194 0.000010 0.000010 0.057766 0.000010
0.000010 0.989435 0.000010 0.000010 0.000010 0.010525
0.000010 0.878205 0.121755 0.000010 0.000010 0.000010
0.000010 0.910888 0.000010 0.000010 0.084807 0.004275
0.000010 0.879778 0.000010 0.000010 0.120182 0.000010
0.000010 0.884485 0.000010 0.071088 0.029371 0.015036
0.000010 0.845260 0.154700 0.000010 0.000010 0.000010
0.000010 0.846832 0.001337 0.000010 0.151801 0.000010
0.000010 0.921042 0.000010 0.016701 0.000010 0.062227
0.000010 0.923993 0.075967 0.000010 0.000010 0.000010
0.000010 0.000010 0.000010 0.000010 0.999950 0.000010
0.029613 0.000010 0.001471 0.776656 0.192240 0.000010
0.043637 0.000010 0.017942 0.725937 0.097860 0.114615
0.063836 0.000010 0.000010 0.764643 0.171491 0.000010
0.000010 0.000010 0.000010 0.720082 0.279878 0.000010
0.000010 0.000010 0.000010 0.907193 0.092767 0.000010
0.000010 0.000010 0.999950 0.000010 0.000010 0.000010
0.008170 0.008121 0.575603 0.259427 0.058741 0.089937
0.010629 0.000010 0.635605 0.329600 0.000010 0.024146
0.020331 0.000010 0.646786 0.246240 0.000010 0.086623
0.000010 0.000010 0.850957 0.000010 0.149003 0.000010
0.000010 0.000010 0.999950 0.000010 0.000010 0.000010
0.000010 0.000010 0.999950 0.000010 0.000010 0.000010
0.017095 0.000010 0.982865 0.000010 0.000010 0.000010
0.000010 0.014975 0.710159 0.125056 0.000010 0.149790
0.000010 0.000010 0.999950 0.000010 0.000010 0.000010
0.048848 0.659725 0.010358 0.170055 0.109912 0.001102
0.019513 0.628570 0.000010 0.039147 0.312750 0.000010
0.033784 0.660875 0.232281 0.029091 0.011367 0.032603
0.000010 0.603339 0.041914 0.000010 0.119867 0.234860
0.000010 0.717728 0.000010 0.213806 0.000010 0.068436
0.009524 0.688665 0.000010 0.055991 0.172826 0.072983
0.000010 0.855290 0.000010 0.117678 0.000010 0.027002
0.000010 0.696184 0.000010 0.226967 0.076818 0.000010
0.039759 0.629798 0.037370 0.288676 0.000010 0.004388
0.000010 0.999950 0.000010 0.000010 0.000010 0.000010
0.000010 0.965784 0.000010 0.000010 0.034176 0.000010
0.000010 0.961729 0.000010 0.000010 0.038231 0.000010
0.000010 0.946224 0.000010 0.000010 0.053736 0.000010
0.000010 0.999950 0.000010 0.000010 0.000010 0.000010
0.000010 0.951964 0.047996 0.000010 0.000010 0.000010
0.000010 0.936204 0.000010 0.000010 0.063756 0.000010
0.000010 0.999950 0.000010 0.000010 0.000010 0.000010
0.000010 0.999950 0.000010 0.000010 0.000010 0.000010
0.001712 0.998248 0.000010 0.000010 0.000010 0.000010
0.000010 0.131953 0.000010 0.584459 0.160563 0.123004
0.020059 0.179528 0.000010 0.275757 0.150985 0.373661
0.000010 0.077081 0.000010 0.694797 0.109706 0.118396
0.042084 0.350441 0.000010 0.163378 0.000010 0.444076
0.000010 0.101164 0.000010 0.536140 0.162843 0.199832
0.004234 0.199879 0.000010 0.504734 0.103022 0.188120
0.000010 0.173491 0.000010 0.535641 0.074584 0.216264
0.093740 0.172362 0.000010 0.396436 0.114934 0.222518
0.025985 0.099159 0.000010 0.560369 0.116016 0.198461
0.000010 0.204556 0.000010 0.200708 0.276701 0.318015
0.042917 0.036318 0.000010 0.739035 0.099134 0.082586
0.052789 0.000010 0.000010 0.555891 0.337993 0.053307
0.024193 0.028090 0.017247 0.733862 0.094996 0.101612
0.029676 0.010269 0.005110 0.607104 0.253618 0.094223
0.018969 0.000010 0.000010 0.404977 0.276304 0.299730
0.000010 0.000010 0.000010 0.347359 0.652601 0.000010
0.020485 0.000010 0.000010 0.330988 0.645749 0.002757
0.054416 0.000010 0.000010 0.311486 0.579677 0.054401
0.021595 0.000010 0.000010 0.334631 0.359189 0.284565
0.000017 0.000010 0.000013 0.000014 0.999937 0.000010
0.058565 0.000010 0.405087 0.389244 0.147083 0.000010
0.000010 0.000010 0.520044 0.153492 0.287649 0.038794
0.022389 0.000010 0.072525 0.545856 0.359209 0.000010
0.052077 0.000010 0.400255 0.316031 0.231617 0.000010
0.000018 0.000010 0.000010 0.000010 0.999942 0.000010
0.000010 0.000010 0.705159 0.000010 0.294801 0.000010
0.054532 0.000010 0.136593 0.618807 0.190049 0.000010
0.093999 0.000010 0.142554 0.738430 0.000010 0.024998
0.094581 0.055906 0.005347 0.811220 0.000010 0.032936
0.054010 0.006900 0.001674 0.770372 0.086784 0.080260
0.034025 0.000010 0.000010 0.706267 0.259626 0.000061
0.000335 0.000010 0.107789 0.620465 0.271390 0.000010
0.025746 0.000010 0.000010 0.774814 0.199410 0.000010
0.024073 0.000010 0.000010 0.746902 0.208506 0.020500
0.012592 0.004077 0.253212 0.537216 0.174599 0.018303
0.000010 0.000010 0.229788 0.551597 0.218585 0.000010
0.010872 0.000010 0.000010 0.854751 0.120595 0.013762
0.019472 0.048813 0.000010 0.690828 0.151195 0.089681
0.000010 0.101665 0.000010 0.638604 0.255495 0.004215
0.009725 0.041375 0.000010 0.761478 0.145126 0.042287
0.098664 0.000010 0.000010 0.901296 0.000010 0.000010
0.000010 0.000010 0.223852 0.776108 0.000010 0.000010
0.019389 0.000016 0.006038 0.974537 0.000010 0.000010
0.036292 0.000010 0.484667 0.479011 0.000010 0.000010
0.145554 0.000010 0.055359 0.681758 0.116785 0.000534
0.000010 0.000010 0.000010 0.590289 0.409671 0.000010
0.133424 0.000010 0.000010 0.853816 0.012730 0.000010
0.102272 0.000010 0.000010 0.897688 0.000010 0.000010
0.073236 0.000010 0.035108 0.780053 0.111583 0.000010
0.000010 0.000010 0.000010 0.999950 0.000010 0.000010
0.000010 0.090222 0.157876 0.000010 0.124191 0.627691
0.008368 0.191042 0.192544 0.000010 0.000010 0.608025
0.019735 0.109469 0.343847 0.000010 0.000010 0.526929
0.022452 0.104187 0.262807 0.039479 0.052321 0.518754
0.000010 0.081666 0.213240 0.132634 0.012671 0.559780
0.000010 0.074140 0.000010 0.306356 0.000010 0.619475
0.004373 0.107365 0.031575 0.086087 0.071771 0.698829
0.050725 0.073821 0.034602 0.180735 0.054681 0.605437
0.045205 0.127075 0.157352 0.000010 0.076779 0.593579
0.000010 0.063654 0.177103 0.000010 0.000010 0.759212
0.000010 0.257185 0.000010 0.518609 0.177148 0.047038
0.032717 0.238501 0.000010 0.565956 0.009325 0.153491
0.000010 0.042334 0.000010 0.433510 0.138772 0.385363
0.056019 0.184997 0.002545 0.647916 0.000010 0.108514
0.031874 0.127405 0.000010 0.778855 0.000010 0.061846
0.062303 0.186544 0.203274 0.376864 0.015701 0.155313
0.005213 0.109672 0.000010 0.610109 0.173876 0.101119
0.077556 0.048417 0.029732 0.767338 0.000010 0.076947
0.033553 0.012529 0.068974 0.676886 0.093519 0.114539
0.047841 0.025750 0.102757 0.649506 0.132814 0.041332
0.047429 0.001712 0.047678 0.771248 0.081629 0.050304
0.012561 0.027855 0.006995 0.745212 0.153193 0.054185
0.092406 0.009889 0.113647 0.584837 0.176652 0.022569
0.055123 0.002791 0.061979 0.803037 0.025535 0.051535
0.039481 0.002629 0.077973 0.694770 0.153265 0.031881
0.000469 0.038735 0.000010 0.553554 0.407222 0.000010
0.066831 0.006203 0.153073 0.715906 0.052267 0.005720
0.000010 0.000010 0.000010 0.000010 0.000010 0.999950
0.000010 0.000010 0.000010 0.000010 0.000010 0.999950
0.000010 0.000010 0.095352 0.000010 0.000010 0.904608
0.000010 0.000010 0.136985 0.000010 0.000010 0.862975
0.000010 0.000010 0.000010 0.000010 0.133350 0.866610
0.000010 0.000010 0.000010 0.000010 0.000010 0.999950
0.000010 0.000010 0.000010 0.000010 0.000010 0.999950
0.000010 0.000010 0.000010 0.000010 0.000010 0.999950
0.035445 0.000010 0.568139 0.394364 0.000010 0.002032
0.000010 0.005499 0.001078 0.716659 0.209643 0.067111
0.027209 0.012255 0.449655 0.433890 0.038983 0.038009
0.105291 0.004023 0.215581 0.599037 0.061945 0.014124
0.039436 0.003002 0.194646 0.509218 0.200814 0.052884
0.065105 0.020946 0.582369 0.305649 0.020940 0.004991
0.032794 0.064155 0.206169 0.362835 0.319155 0.014892
0.000010 0.000010 0.999950 0.000010 0.000010 0.000010
0.076340 0.063003 0.481406 0.294035 0.050110 0.035106
0.121340 0.032377 0.303647 0.471808 0.042091 0.028738
0.000010 0.015251 0.034859 0.899164 0.000010 0.050706
0.054838 0.169457 0.024564 0.520839 0.071874 0.158428
0.000010 0.197554 0.000010 0.215019 0.507162 0.080246
0.001650 0.209799 0.138333 0.486529 0.000010 0.163679
0.000010 0.999950 0.000010 0.000010 0.000010 0.000010
0.000010 0.999950 0.000010 0.000010 0.000010 0.000010
0.000010 0.999950 0.000010 0.000010 0.000010 0.000010
0.000010 0.999950 0.000010 0.000010 0.000010 0.000010
0.000010 0.999950 0.000010 0.000010 0.000010 0.000010
0.000010 0.999950 0.000010 0.000010 0.000010 0.000010
0.000010 0.984539 0.015421 0.000010 0.000010 0.000010
0.000010 0.976838 0.023122 0.000010 0.000010 0.000010
0.000010 0.996217 0.000010 0.003743 0.000010 0.000010
0.000010 0.942567 0.057393 0.000010 0.000010 0.000010
0.098004 0.085922 0.529665 0.064160 0.048894 0.173354
0.064514 0.049151 0.322524 0.000010 0.000010 0.563791
0.042873 0.054017 0.106736 0.482643 0.081550 0.232180
0.104421 0.004837 0.189256 0.586584 0.025547 0.089355
0.074720 0.069935 0.377855 0.406820 0.000010 0.070659
0.063263 0.050890 0.133468 0.129016 0.168397 0.454966
0.283629 0.000010 0.254818 0.253160 0.193575 0.014808
0.060512 0.079639 0.482607 0.283683 0.000010 0.093550
0.042729 0.000010 0.347081 0.070347 0.328454 0.211379
0.037505 0.025960 0.363883 0.313586 0.062571 0.196495
0.000010 0.134767 0.000010 0.663558 0.039782 0.161873
0.067668 0.182097 0.000010 0.520907 0.110326 0.118992
0.000010 0.210178 0.000010 0.482258 0.174297 0.133248
0.134519 0.209440 0.000010 0.000010 0.656011 0.000010
0.000010 0.422836 0.000010 0.377975 0.132368 0.066801
0.000010 0.401876 0.000010 0.261809 0.285615 0.050679
0.010497 0.187570 0.000010 0.473930 0.000010 0.327984
0.000010 0.520253 0.000010 0.316728 0.105384 0.057614
0.011823 0.396229 0.227791 0.117114 0.162804 0.084240
0.011356 0.462134 0.000010 0.227711 0.201246 0.097542
0.000010 0.340206 0.000010 0.148102 0.025674 0.485998
0.000010 0.364999 0.000010 0.161893 0.091236 0.381852
0.013440 0.354795 0.000010 0.087800 0.000010 0.543945
0.000010 0.342719 0.131418 0.000010 0.023467 0.502375
0.052385 0.226729 0.002770 0.061162 0.206556 0.450399
0.017332 0.327809 0.000010 0.098070 0.021275 0.535504
0.000010 0.289775 0.086645 0.000010 0.156075 0.467485
0.004375 0.366866 0.000010 0.100326 0.023333 0.505090
0.010715 0.299260 0.231412 0.000010 0.054104 0.404499
0.016581 0.316560 0.000010 0.121653 0.104509 0.440687
