0.626974 0.078572 0.000010 0.294444
0.654726 0.165528 0.028155 0.151591
0.632877 0.171573 0.042975 0.152574
0.821721 0.155563 0.000010 0.022706
0.844676 0.073935 0.043441 0.037948
0.828462 0.015885 0.006328 0.149324
0.532035 0.095661 0.005252 0.367052
0.469427 0.356683 0.048503 0.125387
0.580783 0.262133 0.000010 0.157075
0.741159 0.042074 0.011542 0.205224
0.476840 0.365168 0.157982 0.000010
0.432861 0.351402 0.165457 0.050280
0.541993 0.099027 0.055525 0.303455
0.518367 0.117764 0.153935 0.209934
0.577115 0.278078 0.097024 0.047783
0.368915 0.355796 0.238013 0.037276
0.384434 0.396336 0.143709 0.075521
0.000523 0.000010 0.999457 0.000010
0.000010 0.000010 0.999970 0.000010
0.000010 0.000010 0.999970 0.000010
0.000010 0.000010 0.999970 0.000010
0.000010 0.000010 0.999970 0.000010
0.000010 0.000010 0.999970 0.000010
0.000010 0.000010 0.999970 0.000010
0.000010 0.000010 0.999970 0.000010
0.000010 0.000010 0.906236 0.093744
0.000010 0.000010 0.999970 0.000010
0.146608 0.173899 0.630201 0.049292
0.092459 0.479755 0.427776 0.000010
0.538458 0.000010 0.285968 0.175564
0.492084 0.071107 0.292706 0.144104
0.585798 0.044051 0.327539 0.042611
0.649614 0.065533 0.240297 0.044556
0.436423 0.140809 0.238045 0.184723
0.592540 0.000010 0.256871 0.150579
0.265829 0.017105 0.550619 0.166447
0.099491 0.250818 0.649681 0.000010
0.867674 0.099153 0.018876 0.014296
0.806866 0.040220 0.000769 0.152146
0.630965 0.173704 0.047358 0.147973
0.833689 0.122888 0.032649 0.010774
0.872575 0.079581 0.006338 0.041507
0.768384 0.106941 0.072949 0.051726
0.654225 0.088041 0.000010 0.257725
0.624790 0.033405 0.000010 0.341795
0.597578 0.151324 0.052825 0.198274
0.565074 0.110963 0.000010 0.323953
0.569775 0.111860 0.002404 0.315961
0.629233 0.287716 0.059748 0.023303
0.612783 0.195921 0.037675 0.153621
0.712131 0.247294 0.007299 0.033277
0.519923 0.083966 0.061755 0.334357
0.582247 0.186766 0.027339 0.203648
0.563048 0.189823 0.035920 0.211209
0.630487 0.135673 0.017351 0.216489
0.668919 0.199616 0.035828 0.095637
0.352130 0.085032 0.052785 0.510053
0.626725 0.170266 0.059796 0.143213
0.741696 0.051296 0.058695 0.148312
0.546500 0.073629 0.032701 0.347169
0.000010 0.000010 0.018217 0.981763
0.669270 0.144411 0.004600 0.181720
0.562110 0.167442 0.030185 0.240262
0.600719 0.201969 0.034948 0.162364
0.559106 0.147617 0.006633 0.286643
0.293481 0.272268 0.019225 0.415025
0.350316 0.563286 0.000010 0.086388
0.482828 0.517152 0.000010 0.000010
0.392140 0.590095 0.017755 0.000010
0.280838 0.434853 0.000010 0.284299
0.452055 0.520241 0.000010 0.027693
0.373512 0.408906 0.000010 0.217572
0.172080 0.701170 0.000010 0.126740
0.220418 0.580730 0.004863 0.193989
0.341002 0.534303 0.000010 0.124685
0.380843 0.484268 0.000010 0.134878
0.856846 0.143134 0.000010 0.000010
0.902810 0.097170 0.000010 0.000010
0.856582 0.129652 0.013756 0.000010
0.921762 0.078213 0.000015 0.000010
0.868869 0.055787 0.000010 0.075334
0.905147 0.094833 0.000010 0.000010
0.617744 0.172874 0.209372 0.000010
0.897555 0.102425 0.000010 0.000010
0.928424 0.043218 0.028349 0.000010
0.765143 0.000010 0.000010 0.234837
0.489041 0.350499 0.160450 0.000010
0.484911 0.311139 0.076861 0.127090
0.541635 0.224418 0.091608 0.142338
0.400400 0.529008 0.070582 0.000010
0.812823 0.082521 0.039491 0.065166
0.767638 0.152967 0.050456 0.028939
0.999970 0.000010 0.000010 0.000010
0.487371 0.117795 0.042882 0.351951
0.619188 0.244198 0.136603 0.000010
0.608530 0.090937 0.190121 0.110413
0.442864 0.080122 0.199933 0.277081
0.397114 0.155174 0.343300 0.104412
0.551074 0.147654 0.254761 0.046510
0.615044 0.183054 0.142400 0.059502
0.424142 0.159682 0.251223 0.164953
0.519696 0.050528 0.238909 0.190867
0.380924 0.200556 0.284796 0.133724
0.502561 0.159861 0.229109 0.108470
0.198849 0.482648 0.024267 0.294236
0.440625 0.357738 0.019653 0.181984
0.356310 0.386145 0.071831 0.185714
0.499411 0.418932 0.041530 0.040128
0.334423 0.347511 0.092270 0.225796
0.442359 0.484240 0.073391 0.000010
0.397495 0.545163 0.057332 0.000010
0.339460 0.392328 0.130180 0.138031
0.000010 0.000010 0.000010 0.999970
0.232380 0.481244 0.017287 0.269089
0.463598 0.024461 0.470689 0.041252
0.403841 0.099333 0.393680 0.103146
0.138861 0.007902 0.574407 0.278830
0.179608 0.041728 0.635858 0.142806
0.187316 0.019018 0.543483 0.250183
0.181499 0.226379 0.526998 0.065124
0.000010 0.114657 0.507923 0.377410
0.154269 0.161182 0.680159 0.004390
0.303162 0.000010 0.570066 0.126761
0.332447 0.000010 0.350475 0.317068
0.191960 0.626354 0.113923 0.067763
0.312815 0.572380 0.072039 0.042767
0.305861 0.516434 0.061099 0.116607
0.130297 0.482764 0.035860 0.351078
0.000010 0.554832 0.090000 0.355158
0.215363 0.484715 0.095818 0.204104
0.000010 0.293584 0.152565 0.553841
0.000010 0.485317 0.112291 0.402381
0.189727 0.640423 0.056549 0.113301
0.253373 0.666362 0.080255 0.000010
0.403551 0.000010 0.000010 0.596429
0.736299 0.018293 0.000321 0.245087
0.936210 0.020950 0.014870 0.027970
0.761056 0.000010 0.000010 0.238924
0.811985 0.054727 0.059953 0.073334
0.539700 0.000010 0.031340 0.428951
0.773319 0.000010 0.034668 0.192004
0.741296 0.054043 0.063759 0.140902
0.836686 0.000010 0.000010 0.163294
0.879999 0.048832 0.010652 0.060517
0.721199 0.013227 0.072703 0.192871
0.788795 0.011460 0.050188 0.149556
0.820508 0.136219 0.000369 0.042905
0.690346 0.013604 0.169284 0.126766
0.685367 0.021345 0.009967 0.283322
0.055026 0.314598 0.630366 0.000010
0.104450 0.203561 0.639759 0.052230
0.000010 0.454954 0.545026 0.000010
0.000010 0.422758 0.577222 0.000010
0.026188 0.357823 0.615979 0.000010
0.000010 0.263690 0.736290 0.000010
0.047975 0.305308 0.614850 0.031867
0.000010 0.546206 0.450469 0.003316
0.000010 0.215254 0.547003 0.237733
0.000010 0.367598 0.516240 0.116151
0.839327 0.056182 0.027176 0.077315
0.871975 0.026575 0.000010 0.101441
0.865190 0.000010 0.000010 0.134790
0.355195 0.024378 0.000010 0.620417
0.768033 0.000010 0.000010 0.231947
0.621193 0.099420 0.038635 0.240753
0.753977 0.046327 0.026916 0.172780
0.923976 0.067827 0.008187 0.000010
0.851458 0.030617 0.000010 0.117915
0.795883 0.120084 0.018017 0.066017
0.890029 0.069079 0.012661 0.028232
0.761738 0.096084 0.000010 0.142168
0.876122 0.000010 0.030422 0.093445
0.727920 0.079183 0.000010 0.192887
0.022942 0.054688 0.922360 0.000010
0.004176 0.165460 0.830353 0.000010
0.025608 0.109755 0.864628 0.000010
0.000010 0.017712 0.982268 0.000010
0.036082 0.063906 0.900003 0.000010
0.000010 0.103868 0.886903 0.009219
0.000011 0.000010 0.793731 0.206248
0.022287 0.000019 0.977684 0.000010
0.000010 0.000010 0.957794 0.042186
0.000010 0.003373 0.996607 0.000010
0.000010 0.052898 0.947082 0.000010
0.289442 0.356576 0.098461 0.255521
0.300306 0.371021 0.148173 0.180501
0.221207 0.570110 0.200053 0.008631
0.335590 0.522895 0.078888 0.062626
0.266602 0.614005 0.119383 0.000010
0.238767 0.495656 0.103999 0.161578
0.348428 0.352718 0.072673 0.226181
0.314507 0.531528 0.063497 0.090468
0.347104 0.345993 0.151517 0.155386
0.407708 0.476715 0.115567 0.000010
0.359335 0.470918 0.091771 0.077977
0.000010 0.490383 0.315910 0.193697
0.431467 0.423043 0.083483 0.062007
0.315913 0.415345 0.000010 0.268732
0.277365 0.321335 0.304248 0.097051
0.144563 0.602407 0.246266 0.006763
0.079919 0.690195 0.227845 0.002041
0.057755 0.702005 0.143096 0.097144
0.000010 0.587996 0.303119 0.108875
0.174127 0.609934 0.189350 0.026590
0.859619 0.030359 0.006506 0.103517
0.872785 0.014818 0.000010 0.112387
0.832866 0.058189 0.000010 0.108935
0.795324 0.014589 0.004531 0.185556
0.755179 0.000010 0.028183 0.216628
0.533528 0.000010 0.000010 0.466452
0.807521 0.000010 0.003518 0.188951
0.775853 0.000010 0.003518 0.220620
0.817213 0.061254 0.000010 0.121524
0.822021 0.000010 0.000010 0.177959
0.682338 0.199618 0.107485 0.010560
0.448261 0.108187 0.281122 0.162430
0.120380 0.101794 0.156907 0.620919
0.421368 0.181388 0.144075 0.253169
0.695306 0.114670 0.190014 0.000010
0.628984 0.075310 0.156147 0.139559
0.501362 0.131644 0.208081 0.158913
0.196522 0.474346 0.170469 0.158663
0.280738 0.446796 0.178991 0.093475
0.178598 0.411962 0.204634 0.204807
0.063924 0.517974 0.194289 0.223812
0.152395 0.477365 0.115847 0.254393
0.240723 0.524305 0.161170 0.073802
0.062592 0.568677 0.095869 0.272861
0.090510 0.671711 0.061477 0.176302
0.000010 0.498563 0.095687 0.405740
0.450960 0.336405 0.121125 0.091509
0.000010 0.000010 0.954648 0.045332
0.000010 0.000010 0.999970 0.000010
0.011384 0.000010 0.940073 0.048533
0.000010 0.002200 0.928462 0.069327
0.000010 0.000010 0.895166 0.104814
0.040145 0.014249 0.893591 0.052015
0.089157 0.005593 0.905240 0.000010
0.000010 0.000010 0.873490 0.126490
0.000010 0.065701 0.934279 0.000010
0.000010 0.000010 0.964622 0.035358
0.000018 0.000010 0.000010 0.999962
0.750028 0.000010 0.000010 0.249952
0.720814 0.117393 0.000010 0.161782
0.754349 0.000010 0.000010 0.245631
0.605113 0.000010 0.000010 0.394867
0.843948 0.000010 0.000010 0.156032
0.875271 0.000010 0.073761 0.050958
0.747827 0.101591 0.039967 0.110615
0.909834 0.051724 0.027460 0.010982
0.833599 0.104431 0.041783 0.020188
0.727355 0.000010 0.038302 0.234334
0.883098 0.037648 0.052667 0.026588
0.856284 0.042842 0.041585 0.059289
0.933676 0.033617 0.032697 0.000010
0.740795 0.149463 0.070655 0.039088
0.793295 0.000010 0.040301 0.166394
0.194695 0.007024 0.671917 0.126364
0.000010 0.000010 0.643352 0.356628
0.236554 0.046665 0.688665 0.028116
0.000010 0.248912 0.621427 0.129651
0.198493 0.073237 0.728260 0.000010
0.026022 0.077600 0.699192 0.197186
0.095721 0.029673 0.864551 0.010055
0.201502 0.000010 0.706845 0.091643
0.351080 0.008698 0.640212 0.000010
0.000010 0.000010 0.999970 0.000010
0.000010 0.000010 0.987354 0.012626
0.000010 0.000010 0.999425 0.000555
0.000010 0.000010 0.973199 0.026781
0.000010 0.000010 0.999970 0.000010
0.000010 0.008189 0.991791 0.000010
0.000010 0.000010 0.965906 0.034074
0.000015 0.000020 0.999955 0.000010
0.000015 0.000010 0.999965 0.000010
0.000010 0.000010 0.999970 0.000010
0.475370 0.130859 0.123667 0.270104
0.227191 0.388475 0.180702 0.203631
0.607090 0.125378 0.067295 0.200237
0.179994 0.463129 0.356867 0.000010
0.433459 0.209166 0.092268 0.265106
0.435327 0.195585 0.194815 0.174273
0.481179 0.219618 0.170427 0.128776
0.433262 0.240701 0.173498 0.152539
0.523887 0.204649 0.094975 0.176489
0.113669 0.330701 0.209515 0.346116
0.712067 0.087609 0.031059 0.169265
0.511851 0.057966 0.000010 0.430173
0.712995 0.103066 0.022057 0.161882
0.547238 0.098048 0.004059 0.350655
0.330963 0.306021 0.000010 0.363006
0.000010 0.000010 0.000010 0.999970
0.000010 0.000010 0.000010 0.999970
0.251145 0.063759 0.000010 0.685085
0.248985 0.300282 0.000010 0.450723
0.000010 0.000010 0.000010 0.999970
0.768947 0.000010 0.000010 0.231033
0.562431 0.073344 0.000010 0.364215
0.568357 0.000010 0.000010 0.431623
0.682709 0.000012 0.000010 0.317268
0.000010 0.000010 0.000010 0.999970
0.597956 0.000010 0.000010 0.402024
0.736780 0.000010 0.000010 0.263200
0.957003 0.042977 0.000010 0.000010
0.874352 0.047278 0.050698 0.027672
0.769008 0.086139 0.002152 0.142701
0.656726 0.000059 0.000010 0.343204
0.621969 0.000010 0.000010 0.378011
0.698679 0.000010 0.000010 0.301301
0.689392 0.018813 0.000010 0.291785
0.721888 0.020791 0.014954 0.242367
0.665988 0.000010 0.000010 0.333992
0.792737 0.009564 0.000010 0.197689
0.641218 0.092053 0.043874 0.222856
0.521380 0.013015 0.091760 0.373845
0.694922 0.046067 0.034418 0.224593
0.999970 0.000010 0.000010 0.000010
0.975191 0.000010 0.000010 0.024789
0.999970 0.000010 0.000010 0.000010
0.941124 0.000010 0.000010 0.058856
0.828163 0.017976 0.000161 0.153700
0.488234 0.000010 0.000010 0.511746
0.948977 0.010731 0.000010 0.040282
0.961058 0.000010 0.000010 0.038922
0.819692 0.000010 0.000010 0.180288
0.999970 0.000010 0.000010 0.000010
0.053226 0.659938 0.114127 0.172710
0.111526 0.648962 0.219847 0.019666
0.292374 0.543206 0.141672 0.022749
0.257847 0.542690 0.126870 0.072593
0.279549 0.583383 0.098687 0.038381
0.281814 0.640173 0.078003 0.000010
0.070148 0.714898 0.114789 0.100165
0.216099 0.623394 0.081468 0.079038
0.133100 0.616955 0.148565 0.101380
0.100495 0.799665 0.088452 0.011388
0.419766 0.055615 0.249698 0.274921
0.544598 0.160139 0.231893 0.063370
0.340992 0.397307 0.037078 0.224623
0.673969 0.118867 0.180475 0.026688
0.757242 0.071422 0.118334 0.053002
0.562415 0.173180 0.195077 0.069327
0.537862 0.106537 0.103782 0.251820
0.835896 0.091636 0.046062 0.026405
0.716791 0.119798 0.011456 0.151956
0.736767 0.047262 0.026747 0.189223
0.820672 0.056398 0.001384 0.121547
0.707265 0.053575 0.025596 0.213564
0.720693 0.035597 0.013668 0.230042
0.859704 0.058460 0.000010 0.081826
0.747684 0.036019 0.002914 0.213382
0.469596 0.000010 0.038980 0.491414
0.872063 0.016039 0.007523 0.104376
0.000010 0.999970 0.000010 0.000010
0.000010 0.999970 0.000010 0.000010
0.000010 0.999970 0.000010 0.000010
0.000010 0.999970 0.000010 0.000010
0.000010 0.898710 0.000010 0.101270
0.000010 0.999970 0.000010 0.000010
0.000010 0.999970 0.000010 0.000010
0.000010 0.999970 0.000010 0.000010
0.939639 0.057005 0.003346 0.000010
0.645879 0.070430 0.000177 0.283514
0.820285 0.045086 0.032318 0.102311
0.846509 0.028904 0.009851 0.114736
0.657389 0.060409 0.010988 0.271214
0.846564 0.027498 0.047833 0.078105
0.519865 0.024029 0.075856 0.380250
0.814116 0.067753 0.059404 0.058727
0.746017 0.062453 0.080872 0.110658
0.825802 0.046118 0.047858 0.080222
0.879180 0.060264 0.007826 0.052729
0.541781 0.168603 0.165770 0.123846
0.123103 0.085667 0.206668 0.584562
0.585971 0.171916 0.216487 0.025626
0.000010 0.000010 0.999970 0.000010
0.000010 0.000010 0.999970 0.000010
0.000010 0.000010 0.999970 0.000010
0.000010 0.000010 0.999970 0.000010
0.000010 0.000010 0.999970 0.000010
0.000010 0.000010 0.999970 0.000010
0.000010 0.000010 0.999970 0.000010
0.000010 0.000010 0.999970 0.000010
0.000010 0.000010 0.999970 0.000010
0.013693 0.000010 0.986287 0.000010
0.607374 0.190569 0.127338 0.074719
0.324033 0.593884 0.082073 0.000010
0.586431 0.242537 0.060237 0.110795
0.826932 0.105458 0.010985 0.056625
0.803603 0.089095 0.091298 0.016004
0.271281 0.478059 0.062694 0.187966
0.736378 0.065254 0.000010 0.198358
0.740850 0.111804 0.104010 0.043336
0.359173 0.253171 0.000010 0.387647
0.622948 0.212013 0.043341 0.121697
0.601447 0.168135 0.125284 0.105133
0.514221 0.132632 0.174722 0.178424
0.405555 0.139335 0.208008 0.247102
0.132760 0.025926 0.244212 0.597102
0.292782 0.070829 0.418327 0.218063
0.166162 0.058105 0.402863 0.372870
0.463342 0.342170 0.190950 0.003537
0.265150 0.060958 0.521860 0.152032
0.268863 0.092220 0.417939 0.220978
0.185814 0.104054 0.468448 0.241684
0.106180 0.498055 0.345081 0.050683
0.115501 0.390610 0.373088 0.120802
0.072093 0.560959 0.362345 0.004603
0.038481 0.533421 0.357829 0.070269
0.062487 0.467983 0.238819 0.230711
0.086114 0.550395 0.335734 0.027757
0.000010 0.497453 0.310404 0.192133
0.062999 0.519439 0.372733 0.044828
0.180706 0.419331 0.327453 0.072510
0.087329 0.456924 0.322351 0.133396
