0.045539 0.074834 0.000010 0.638518 0.000010 0.237477 0.003613
0.000010 0.160802 0.002655 0.662875 0.035519 0.107530 0.030608
0.011077 0.161089 0.000010 0.396344 0.305947 0.095303 0.030230
0.000010 0.148249 0.000010 0.844996 0.002570 0.000010 0.004155
0.114684 0.055564 0.021897 0.705990 0.076142 0.000010 0.025712
0.031311 0.000010 0.007400 0.527134 0.346740 0.087396 0.000010
0.031041 0.091337 0.004926 0.523815 0.028044 0.318271 0.002566
0.041981 0.344538 0.016094 0.470675 0.000010 0.090838 0.035864
0.000010 0.260691 0.000010 0.652072 0.000010 0.087196 0.000010
0.000010 0.035594 0.001963 0.511554 0.314618 0.136251 0.000010
0.039703 0.344495 0.016363 0.457683 0.000010 0.000010 0.141737
0.004990 0.339013 0.023641 0.474282 0.000010 0.010163 0.147901
0.004385 0.096172 0.003307 0.601357 0.000010 0.234108 0.060662
0.000010 0.106876 0.011311 0.382048 0.217023 0.146468 0.136264
0.006719 0.264116 0.005687 0.621360 0.000010 0.000010 0.102098
0.077632 0.336426 0.020405 0.320938 0.000010 0.025911 0.218678
0.069891 0.374557 0.000010 0.363159 0.000010 0.042279 0.150094
0.000010 0.000010 0.000010 0.000398 0.000010 0.000010 0.999552
0.000010 0.000010 0.000010 0.000010 0.000010 0.000010 0.999940
0.000010 0.000010 0.000010 0.000010 0.000010 0.000010 0.999940
0.000010 0.000010 0.000010 0.000010 0.000010 0.000010 0.999940
0.000010 0.000010 0.000010 0.000010 0.000010 0.000010 0.999940
0.000010 0.000010 0.000010 0.000010 0.000010 0.000010 0.999940
0.000010 0.000010 0.000010 0.000010 0.000010 0.000010 0.999940
0.000010 0.000014 0.066136 0.000010 0.069358 0.000010 0.864462
0.000010 0.000010 0.000010 0.000010 0.000010 0.100517 0.899433
0.000010 0.000010 0.031195 0.000010 0.000010 0.000010 0.968755
0.000010 0.160255 0.048559 0.028256 0.175356 0.019130 0.568434
0.048329 0.459399 0.029610 0.068136 0.000010 0.000010 0.394506
0.006185 0.000010 0.015178 0.599619 0.000010 0.097567 0.281430
0.014162 0.060783 0.000010 0.534250 0.000010 0.087395 0.303389
0.006740 0.033960 0.023053 0.620883 0.000010 0.000010 0.315344
0.000010 0.054692 0.014633 0.693300 0.000010 0.000010 0.237345
0.000010 0.130080 0.030099 0.504099 0.000010 0.115773 0.219929
0.000010 0.000010 0.000010 0.660500 0.000010 0.066989 0.272472
0.016624 0.001118 0.008435 0.310401 0.000010 0.109256 0.554156
0.000010 0.238657 0.055627 0.113480 0.000010 0.000010 0.592206
0.017080 0.059398 0.000015 0.349273 0.574214 0.000010 0.000010
0.055730 0.029170 0.006990 0.675700 0.122066 0.110334 0.000010
0.077635 0.157651 0.013703 0.485098 0.120752 0.113405 0.031755
0.105421 0.105468 0.021777 0.673851 0.084200 0.000010 0.009273
0.037205 0.056285 0.000010 0.561539 0.344941 0.000010 0.000010
0.033842 0.088949 0.000010 0.339577 0.484674 0.000010 0.052937
0.048071 0.070181 0.000010 0.464687 0.205015 0.212026 0.000010
0.046177 0.030595 0.000010 0.626318 0.000010 0.296880 0.000010
0.034584 0.148058 0.025727 0.591438 0.019873 0.148326 0.031994
0.020059 0.103624 0.013475 0.589989 0.000010 0.272833 0.000010
0.083448 0.092915 0.000010 0.571943 0.000010 0.233985 0.017689
0.024005 0.269756 0.000010 0.641558 0.000010 0.000010 0.064651
0.017851 0.180616 0.000217 0.455770 0.216420 0.096441 0.032686
0.027513 0.229552 0.000010 0.726075 0.000010 0.000010 0.016830
0.000010 0.075863 0.026932 0.621456 0.000010 0.230050 0.045680
0.000010 0.177162 0.000010 0.662479 0.000010 0.121718 0.038611
0.005419 0.180884 0.020243 0.635488 0.000010 0.133812 0.024145
0.027699 0.129311 0.004650 0.657774 0.000010 0.161280 0.019276
0.043364 0.187883 0.000010 0.678401 0.000010 0.044687 0.045644
0.000010 0.077565 0.000010 0.137109 0.294788 0.452280 0.038238
0.016972 0.159768 0.018307 0.461569 0.214955 0.094927 0.033503
0.050629 0.040308 0.004072 0.735363 0.000010 0.104892 0.064726
0.008190 0.067478 0.028946 0.606254 0.000010 0.279225 0.009897
0.000010 0.000010 0.005023 0.000010 0.025045 0.969892 0.000010
0.013168 0.139277 0.017895 0.707947 0.000010 0.121693 0.000010
0.000896 0.162926 0.023328 0.632681 0.000010 0.165555 0.014602
0.026953 0.193383 0.022952 0.638202 0.000010 0.098738 0.019763
0.024047 0.138161 0.000010 0.605500 0.000010 0.217101 0.015171
0.022870 0.263176 0.004457 0.338008 0.000010 0.351801 0.019679
0.018834 0.551405 0.000010 0.389507 0.000010 0.040225 0.000010
0.000010 0.495363 0.000010 0.504587 0.000010 0.000010 0.000010
0.008631 0.561925 0.024689 0.404725 0.000010 0.000010 0.000010
0.000010 0.425227 0.000010 0.339564 0.005996 0.229183 0.000010
0.021287 0.502104 0.000010 0.475806 0.000010 0.000010 0.000772
0.000010 0.401611 0.000010 0.446949 0.000010 0.151399 0.000010
0.001986 0.682493 0.000010 0.216568 0.007314 0.091619 0.000010
0.000010 0.564294 0.005510 0.241008 0.041393 0.147775 0.000010
0.000010 0.524514 0.000010 0.406156 0.000010 0.069289 0.000010
0.000010 0.475121 0.005222 0.452608 0.000010 0.067019 0.000010
0.999934 0.000010 0.000013 0.000010 0.000010 0.000013 0.000010
0.999940 0.000010 0.000010 0.000010 0.000010 0.000010 0.000010
0.999940 0.000010 0.000010 0.000010 0.000010 0.000010 0.000010
0.999940 0.000010 0.000010 0.000010 0.000010 0.000010 0.000010
0.136028 0.027815 0.000010 0.572726 0.230420 0.032991 0.000010
0.999940 0.000010 0.000010 0.000010 0.000010 0.000010 0.000010
0.744920 0.010160 0.000010 0.000010 0.000010 0.000010 0.244880
0.999936 0.000014 0.000010 0.000010 0.000010 0.000010 0.000010
0.217646 0.015415 0.004760 0.611106 0.133790 0.000010 0.017273
0.033987 0.000010 0.000010 0.799806 0.000010 0.166167 0.000010
0.069202 0.334511 0.010447 0.395901 0.043271 0.000010 0.146658
0.057137 0.294903 0.000010 0.444830 0.027357 0.095324 0.080439
0.005719 0.214334 0.012140 0.232188 0.380684 0.100159 0.054776
0.020938 0.511816 0.009654 0.368175 0.033102 0.000010 0.056306
0.036597 0.072096 0.003823 0.610248 0.236859 0.007945 0.032431
0.036187 0.133149 0.010030 0.518264 0.272946 0.000010 0.029414
0.010599 0.000010 0.000010 0.443553 0.545808 0.000010 0.000010
0.016787 0.108186 0.006924 0.327475 0.224772 0.288208 0.027648
0.021118 0.233737 0.012175 0.605704 0.001572 0.000010 0.125684
0.017076 0.092160 0.053824 0.583099 0.045522 0.070525 0.137794
0.037519 0.075899 0.056969 0.449284 0.001019 0.232052 0.147258
0.008232 0.149596 0.054008 0.368930 0.050951 0.080978 0.287305
0.028698 0.134204 0.000019 0.568904 0.000010 0.001714 0.266453
0.052955 0.169364 0.000010 0.578201 0.018555 0.031889 0.149026
0.023714 0.147294 0.000010 0.433620 0.010417 0.123510 0.261435
0.000010 0.041485 0.009714 0.333340 0.267977 0.129016 0.218458
0.067752 0.182861 0.028721 0.287141 0.068437 0.110052 0.255037
0.010793 0.155707 0.028878 0.529696 0.000010 0.069532 0.205384
0.000010 0.469893 0.024601 0.270636 0.000010 0.232281 0.002568
0.000010 0.343051 0.000010 0.515264 0.000010 0.111386 0.030270
0.002756 0.373849 0.000010 0.406052 0.013771 0.123915 0.079648
0.040331 0.397573 0.000010 0.511835 0.000010 0.000010 0.050231
0.000010 0.337774 0.000010 0.400895 0.000010 0.164212 0.097089
0.011867 0.465896 0.015786 0.452621 0.000010 0.000010 0.053810
0.000010 0.522291 0.014107 0.423292 0.000010 0.000010 0.040279
0.041750 0.376888 0.026309 0.346453 0.000010 0.101588 0.107002
0.000010 0.000010 0.000010 0.000010 0.000010 0.999940 0.000010
0.000306 0.471317 0.008874 0.292688 0.000010 0.216019 0.010786
0.000010 0.014419 0.032129 0.206594 0.333273 0.000010 0.413564
0.029815 0.087804 0.028466 0.410722 0.000010 0.072175 0.371008
0.012560 0.000010 0.041783 0.173478 0.000010 0.235634 0.536525
0.000010 0.029110 0.020448 0.078637 0.166883 0.099420 0.605492
0.001628 0.011845 0.024184 0.219392 0.000010 0.220633 0.522308
0.045599 0.206956 0.012840 0.155333 0.000010 0.064692 0.514571
0.000010 0.103035 0.000010 0.000010 0.000010 0.389813 0.507112
0.023927 0.135282 0.033549 0.000010 0.180269 0.000010 0.626953
0.038812 0.000010 0.000629 0.322437 0.000010 0.060936 0.577165
0.050946 0.000010 0.000010 0.340271 0.000010 0.252631 0.356122
0.005583 0.614282 0.039486 0.223502 0.000010 0.045065 0.072072
0.032112 0.555812 0.034516 0.281637 0.037052 0.025430 0.033443
0.000010 0.499108 0.000010 0.360997 0.000010 0.071212 0.068653
0.007266 0.466166 0.000010 0.175834 0.000010 0.311680 0.039033
0.002395 0.558951 0.035707 0.000010 0.000010 0.360978 0.041948
0.000010 0.471124 0.040715 0.269819 0.000010 0.162493 0.055830
0.000010 0.279961 0.015521 0.090681 0.000010 0.472537 0.141281
0.000010 0.489378 0.042531 0.000010 0.000010 0.410947 0.057114
0.020222 0.623188 0.000010 0.152125 0.060324 0.093469 0.050662
0.033737 0.640311 0.007741 0.237192 0.009745 0.000010 0.071263
0.000010 0.000010 0.000010 0.000010 0.431159 0.568791 0.000010
0.027128 0.015517 0.009380 0.745481 0.022198 0.180288 0.000010
0.079455 0.010037 0.014057 0.866490 0.024705 0.000010 0.005246
0.034809 0.000010 0.000010 0.781841 0.000010 0.178303 0.005017
0.021884 0.041220 0.020863 0.341348 0.546042 0.019247 0.009397
0.000010 0.000010 0.022211 0.311352 0.309650 0.356757 0.000010
0.029705 0.000010 0.000010 0.730341 0.054818 0.147258 0.037858
0.052804 0.047389 0.000017 0.732216 0.000010 0.095326 0.072239
0.000010 0.000010 0.000010 0.573806 0.344493 0.081661 0.000010
0.066830 0.039521 0.000010 0.789584 0.069844 0.017969 0.016242
0.020071 0.009023 0.013752 0.761934 0.000010 0.125212 0.069998
0.058132 0.003849 0.022650 0.772784 0.005380 0.101466 0.035738
0.032004 0.111539 0.001897 0.564355 0.290185 0.000010 0.000010
0.040977 0.002478 0.000010 0.694516 0.000010 0.080424 0.181585
0.078078 0.010662 0.000010 0.637914 0.020981 0.233360 0.018996
0.008538 0.292032 0.000010 0.064473 0.000010 0.000010 0.634927
0.000790 0.186961 0.028612 0.140173 0.000010 0.025282 0.618172
0.002855 0.446128 0.048645 0.000010 0.000010 0.008577 0.493774
0.019320 0.404489 0.040589 0.000010 0.000010 0.000010 0.535572
0.132676 0.254783 0.017701 0.000010 0.000010 0.000010 0.594811
0.002411 0.255604 0.003211 0.000010 0.000010 0.000010 0.738744
0.000010 0.274630 0.067306 0.000010 0.121702 0.000010 0.536332
0.000010 0.527899 0.000010 0.000010 0.000010 0.018874 0.453188
0.000010 0.205923 0.000010 0.000010 0.000010 0.255381 0.538656
0.000010 0.362010 0.018456 0.000010 0.000010 0.127398 0.492106
0.048880 0.046818 0.000010 0.741751 0.085725 0.046284 0.030532
0.108827 0.012367 0.000010 0.704284 0.115099 0.059402 0.000010
0.024243 0.000010 0.000010 0.535108 0.378578 0.062040 0.000010
0.068431 0.005270 0.000010 0.292308 0.042988 0.590983 0.000010
0.032007 0.000010 0.001083 0.685019 0.097500 0.184371 0.000010
0.074349 0.087613 0.012125 0.517626 0.084425 0.195679 0.028184
0.035291 0.036052 0.011960 0.400618 0.397361 0.118709 0.000010
0.034161 0.052539 0.000010 0.657576 0.255694 0.000010 0.000010
0.000010 0.010709 0.000010 0.536184 0.410646 0.042431 0.000010
0.011454 0.109217 0.000010 0.470142 0.396718 0.012449 0.000010
0.023148 0.032404 0.000010 0.378237 0.566181 0.000010 0.000010
0.028949 0.076437 0.000010 0.455575 0.352336 0.086683 0.000010
0.026377 0.000010 0.000010 0.595294 0.323707 0.034870 0.019732
0.008575 0.065035 0.000010 0.467173 0.335179 0.124017 0.000010
0.006554 0.044673 0.094200 0.024057 0.000010 0.000010 0.830496
0.000010 0.124658 0.110645 0.000010 0.057234 0.000010 0.707433
0.031063 0.092595 0.029425 0.006791 0.000010 0.000010 0.840107
0.014470 0.000010 0.010211 0.000010 0.000010 0.000010 0.975278
0.000314 0.053537 0.055755 0.044082 0.000010 0.000010 0.846292
0.000010 0.090838 0.068315 0.000010 0.000010 0.025441 0.815376
0.000010 0.000010 0.014161 0.000010 0.000010 0.237934 0.747864
0.000010 0.000010 0.054918 0.024535 0.000010 0.000010 0.920507
0.000010 0.000010 0.063820 0.000010 0.051052 0.000010 0.885088
0.025811 0.000010 0.064535 0.000010 0.000010 0.000010 0.909614
0.000010 0.031805 0.000010 0.000010 0.000010 0.000010 0.968145
0.021055 0.343615 0.000010 0.318689 0.000010 0.216231 0.100391
0.003116 0.361612 0.030870 0.350282 0.000010 0.132921 0.121190
0.018058 0.556846 0.063231 0.228492 0.000010 0.000010 0.133352
0.003505 0.509455 0.022217 0.369202 0.002414 0.034597 0.058610
0.013929 0.592533 0.036230 0.278455 0.000010 0.000010 0.078833
0.000010 0.482105 0.019302 0.292731 0.000010 0.118585 0.087256
0.053529 0.338019 0.039537 0.350277 0.000010 0.181938 0.036689
0.000010 0.518654 0.026654 0.355363 0.000010 0.061974 0.037336
0.000010 0.338455 0.038486 0.398481 0.000010 0.107598 0.116959
0.020796 0.456586 0.004387 0.350097 0.061787 0.000010 0.106336
0.041648 0.451712 0.000010 0.360397 0.000010 0.051589 0.094635
0.000010 0.489409 0.022255 0.000010 0.000010 0.204698 0.283609
0.105606 0.401768 0.028906 0.363541 0.000010 0.046131 0.054038
0.075723 0.396828 0.000010 0.289773 0.002677 0.234979 0.000010
0.029033 0.304914 0.015345 0.296988 0.000010 0.058470 0.295240
0.000010 0.583305 0.036355 0.173656 0.000010 0.000010 0.206653
0.000010 0.668658 0.021250 0.107560 0.000010 0.000010 0.202503
0.010415 0.684945 0.016263 0.041372 0.043516 0.084030 0.119459
0.000010 0.581990 0.020009 0.000010 0.000010 0.126681 0.271291
0.000953 0.592403 0.024655 0.161457 0.052569 0.006766 0.161199
0.052523 0.008267 0.000010 0.493700 0.399389 0.046102 0.000010
0.057220 0.012011 0.000010 0.826030 0.038791 0.065928 0.000010
0.023205 0.052347 0.000010 0.719966 0.138986 0.065476 0.000010
0.023798 0.009310 0.000010 0.616088 0.228027 0.121082 0.001685
0.000010 0.000010 0.000010 0.000010 0.999940 0.000010 0.000010
0.000010 0.000010 0.000010 0.556723 0.037683 0.405554 0.000010
0.033962 0.000010 0.007664 0.636513 0.188621 0.133220 0.000010
0.000010 0.000010 0.000010 0.704469 0.131771 0.159583 0.004147
0.124718 0.041899 0.000010 0.615626 0.126185 0.091551 0.000010
0.082432 0.000010 0.006499 0.799559 0.000010 0.111480 0.000010
0.066421 0.184315 0.011800 0.602569 0.037685 0.000010 0.097201
0.006394 0.105473 0.027782 0.414753 0.066072 0.125824 0.253701
0.037399 0.096656 0.000010 0.065856 0.063325 0.583977 0.152777
0.000010 0.174374 0.003859 0.340762 0.134781 0.210940 0.135275
0.014503 0.105027 0.007579 0.686217 0.000010 0.000010 0.186653
0.069858 0.059817 0.000010 0.550671 0.059836 0.095885 0.163923
0.041204 0.121491 0.021420 0.500959 0.000010 0.123160 0.191756
0.006030 0.444176 0.000010 0.000010 0.293267 0.114940 0.141567
0.066146 0.426105 0.000010 0.135361 0.131199 0.072131 0.169046
0.000010 0.389348 0.019932 0.000010 0.295101 0.138385 0.157214
0.016286 0.503553 0.039364 0.101899 0.000010 0.184677 0.154211
0.000010 0.458236 0.009971 0.000010 0.248528 0.198911 0.084334
0.006438 0.506738 0.037400 0.000010 0.305706 0.048603 0.095105
0.000010 0.558190 0.039651 0.115651 0.004554 0.227104 0.054840
0.000010 0.662595 0.048220 0.144498 0.000010 0.136425 0.008242
0.000010 0.503412 0.015321 0.000010 0.000010 0.417262 0.063974
0.016688 0.327881 0.024048 0.453153 0.014783 0.064796 0.098651
0.000010 0.000010 0.042883 0.000010 0.000010 0.038665 0.918412
0.000018 0.000017 0.026193 0.000010 0.000010 0.000010 0.973742
0.000010 0.000010 0.062944 0.000010 0.115693 0.000010 0.821322
0.000010 0.000010 0.072125 0.000010 0.000010 0.072721 0.855114
0.000010 0.000010 0.006282 0.000010 0.000010 0.102425 0.891253
0.000010 0.003266 0.047677 0.069191 0.000010 0.022761 0.857085
0.000010 0.000010 0.064922 0.000010 0.148863 0.000010 0.786176
0.000010 0.000010 0.040741 0.000010 0.012530 0.123625 0.823075
0.000010 0.049003 0.017512 0.005928 0.000010 0.000010 0.927527
0.000010 0.000010 0.046731 0.000010 0.068772 0.000010 0.884457
0.000010 0.000010 0.000010 0.000015 0.000015 0.999930 0.000010
0.029287 0.000010 0.000010 0.759964 0.000010 0.210709 0.000010
0.043796 0.109978 0.005763 0.710743 0.017041 0.112670 0.000010
0.063461 0.000010 0.000010 0.742905 0.000010 0.193594 0.000010
0.000010 0.000010 0.000010 0.686213 0.000010 0.313737 0.000010
0.000010 0.000010 0.000010 0.896546 0.000010 0.103404 0.000010
0.000010 0.000010 0.000010 0.000010 0.999940 0.000010 0.000010
0.008677 0.088922 0.000010 0.263384 0.567670 0.061221 0.010116
0.010985 0.023725 0.000010 0.337828 0.627432 0.000010 0.000010
0.021161 0.083430 0.003529 0.255776 0.636084 0.000010 0.000010
0.000010 0.000010 0.000010 0.000010 0.838461 0.161489 0.000010
0.000010 0.000010 0.000010 0.000010 0.999940 0.000010 0.000010
0.000010 0.000010 0.000010 0.000010 0.999940 0.000010 0.000010
0.019990 0.000010 0.000010 0.000010 0.979960 0.000010 0.000010
0.000010 0.147488 0.017473 0.129012 0.705997 0.000010 0.000010
0.000010 0.000010 0.000010 0.000010 0.999940 0.000010 0.000010
0.044635 0.000010 0.029039 0.168030 0.007833 0.106872 0.643581
0.014885 0.000010 0.006468 0.006671 0.000010 0.338349 0.633607
0.029179 0.023556 0.000010 0.026685 0.245334 0.000021 0.675215
0.000010 0.231112 0.044467 0.000010 0.048296 0.103109 0.572996
0.000010 0.060957 0.045694 0.210576 0.000010 0.000010 0.682744
0.009000 0.068014 0.052580 0.051219 0.000010 0.168555 0.650622
0.000010 0.016179 0.032361 0.114370 0.000010 0.000010 0.837060
0.000010 0.000010 0.009882 0.228520 0.000010 0.063688 0.697879
0.035955 0.000010 0.021707 0.294294 0.030108 0.000010 0.617916
0.000010 0.000010 0.000010 0.000010 0.000010 0.000010 0.999940
0.000010 0.000010 0.000010 0.000010 0.000010 0.000010 0.999940
0.000010 0.000010 0.008914 0.000010 0.000010 0.003635 0.987410
0.000010 0.000010 0.013962 0.000010 0.000010 0.028014 0.957984
0.000010 0.000010 0.000010 0.000010 0.000010 0.000010 0.999940
0.000013 0.000010 0.044788 0.000010 0.041348 0.000010 0.913820
0.000010 0.000010 0.000010 0.000010 0.000010 0.030138 0.969812
0.000010 0.000010 0.098236 0.000010 0.000010 0.000010 0.901714
0.000014 0.000010 0.045842 0.000010 0.000018 0.000010 0.954097
0.000010 0.000010 0.016489 0.000010 0.000010 0.000010 0.983461
0.000010 0.122492 0.023450 0.566392 0.000010 0.176062 0.111584
0.020205 0.372161 0.023184 0.260788 0.000010 0.162837 0.160816
0.000010 0.118610 0.033396 0.682301 0.000010 0.119858 0.045816
0.040418 0.440918 0.032673 0.163618 0.000010 0.000010 0.322352
0.000010 0.196161 0.000010 0.519532 0.000010 0.177664 0.106613
0.004062 0.186668 0.027761 0.489398 0.000010 0.117426 0.174674
0.000010 0.212699 0.011301 0.525341 0.000010 0.084034 0.166605
0.091270 0.219225 0.001664 0.387424 0.000010 0.123746 0.176662
0.025706 0.197477 0.019087 0.546384 0.000010 0.128803 0.082533
0.000010 0.310872 0.000010 0.186056 0.000010 0.283458 0.219584
0.042275 0.081725 0.008049 0.725283 0.000010 0.112985 0.029673
0.054429 0.051245 0.002503 0.508014 0.000010 0.383789 0.000010
0.024608 0.101328 0.021751 0.712248 0.014412 0.120871 0.004781
0.030210 0.092645 0.009758 0.565705 0.006106 0.295051 0.000525
0.019681 0.301075 0.000010 0.372603 0.000010 0.306611 0.000010
0.000010 0.000010 0.000010 0.000010 0.000010 0.999940 0.000010
0.023380 0.008337 0.000010 0.266353 0.000010 0.701901 0.000010
0.056136 0.061566 0.000010 0.261345 0.000010 0.620924 0.000010
0.022516 0.287498 0.000015 0.300098 0.000010 0.389852 0.000010
0.000010 0.000010 0.000010 0.000010 0.000010 0.999940 0.000010
0.058962 0.000010 0.000010 0.376379 0.407046 0.157583 0.000010
0.000010 0.039758 0.000010 0.123624 0.532024 0.304564 0.000010
0.022182 0.000010 0.000010 0.518673 0.075040 0.384076 0.000010
0.052468 0.000010 0.000010 0.297516 0.404460 0.245526 0.000010
0.000010 0.000010 0.000010 0.000010 0.000010 0.999940 0.000010
0.000010 0.000010 0.000010 0.000010 0.695540 0.304410 0.000010
0.054545 0.000010 0.000010 0.600256 0.135200 0.209970 0.000010
0.093833 0.025427 0.000010 0.745535 0.135176 0.000010 0.000010
0.093197 0.026749 0.000010 0.814077 0.001855 0.000010 0.064103
0.052622 0.079156 0.007473 0.762044 0.000010 0.097774 0.000920
0.033321 0.000010 0.017717 0.676555 0.000010 0.272376 0.000010
0.000971 0.000010 0.000010 0.594059 0.111826 0.293113 0.000010
0.025720 0.000010 0.000010 0.749465 0.000010 0.224775 0.000010
0.023789 0.021835 0.000010 0.727534 0.000010 0.226812 0.000010
0.012851 0.013720 0.013837 0.527481 0.245718 0.186383 0.000010
0.000010 0.000010 0.000010 0.529740 0.235062 0.235158 0.000010
0.010524 0.014310 0.000010 0.838986 0.000010 0.136150 0.000010
0.019024 0.090398 0.037535 0.672468 0.000010 0.167655 0.012910
0.000010 0.006383 0.051601 0.612255 0.000010 0.277233 0.052507
0.008772 0.042295 0.016816 0.746633 0.000010 0.158204 0.027271
0.096585 0.000010 0.000010 0.903365 0.000010 0.000010 0.000010
0.000010 0.000010 0.000010 0.779668 0.220282 0.000010 0.000010
0.017450 0.000010 0.000010 0.981816 0.000694 0.000010 0.000010
0.035493 0.000010 0.000010 0.481543 0.482924 0.000010 0.000010
0.145367 0.001637 0.000010 0.676433 0.050913 0.125629 0.000010
0.000010 0.000010 0.000010 0.555219 0.000010 0.444731 0.000010
0.131631 0.000010 0.000010 0.853971 0.000010 0.014358 0.000010
0.100085 0.000010 0.003004 0.896870 0.000010 0.000010 0.000010
0.071327 0.000010 0.004424 0.765228 0.034802 0.124199 0.000010
0.000010 0.000010 0.000010 0.999940 0.000010 0.000010 0.000010
0.000010 0.629793 0.034576 0.000010 0.155505 0.120712 0.059396
0.005864 0.606478 0.018512 0.000010 0.193685 0.000010 0.175440
0.018793 0.528819 0.042714 0.000010 0.343220 0.000010 0.066435
0.021788 0.517223 0.000010 0.040998 0.263355 0.047954 0.108672
0.000010 0.561528 0.033428 0.132928 0.212105 0.011165 0.048836
0.000010 0.618047 0.010252 0.305796 0.000010 0.000010 0.065875
0.004568 0.699274 0.027617 0.075354 0.031769 0.080572 0.080846
0.049090 0.605190 0.002556 0.182894 0.035232 0.049185 0.075853
0.044255 0.594607 0.022082 0.000010 0.158966 0.070629 0.109451
0.000010 0.760268 0.025229 0.000010 0.176467 0.000010 0.038005
0.000010 0.043729 0.018779 0.502164 0.000010 0.190463 0.244845
0.031977 0.152443 0.050981 0.559365 0.000010 0.015476 0.189749
0.000010 0.384188 0.015145 0.417883 0.000010 0.153178 0.029586
0.055277 0.107538 0.026501 0.649295 0.000010 0.000010 0.161368
0.030960 0.060131 0.017434 0.778146 0.000010 0.000010 0.113309
0.059882 0.153313 0.006180 0.374036 0.205436 0.017769 0.183385
0.004831 0.097162 0.000010 0.594367 0.000010 0.187374 0.116246
0.077795 0.078637 0.029740 0.769186 0.025074 0.000010 0.019560
0.033297 0.112304 0.000010 0.670331 0.064134 0.104068 0.015855
0.047076 0.039874 0.000010 0.641770 0.096459 0.146300 0.028510
0.047135 0.039623 0.018587 0.773307 0.039438 0.081901 0.000010
0.012431 0.052356 0.002086 0.733871 0.005967 0.163901 0.029388
0.091964 0.022161 0.008010 0.571073 0.111517 0.190796 0.004479
0.054914 0.045475 0.010064 0.799726 0.055277 0.034535 0.000010
0.039298 0.022577 0.019936 0.683708 0.069257 0.165214 0.000010
0.000406 0.000010 0.044523 0.521559 0.000010 0.433482 0.000010
0.066250 0.000010 0.017280 0.717767 0.143720 0.054963 0.000010
0.000010 0.999940 0.000010 0.000010 0.000010 0.000010 0.000010
0.000010 0.999940 0.000010 0.000010 0.000010 0.000010 0.000010
0.000010 0.904508 0.000019 0.000010 0.095433 0.000010 0.000010
0.000010 0.863051 0.000010 0.000010 0.136899 0.000010 0.000010
0.000010 0.878643 0.000010 0.000010 0.000010 0.121307 0.000010
0.000010 0.999940 0.000010 0.000010 0.000010 0.000010 0.000010
0.000010 0.999930 0.000020 0.000010 0.000010 0.000010 0.000010
0.000010 0.999940 0.000010 0.000010 0.000010 0.000010 0.000010
0.034421 0.002030 0.000010 0.404406 0.559113 0.000010 0.000010
0.000010 0.065611 0.010053 0.699616 0.000010 0.224690 0.000010
0.026900 0.036846 0.015273 0.435610 0.446598 0.038763 0.000010
0.104453 0.012347 0.000010 0.599324 0.207111 0.069841 0.006913
0.038847 0.052267 0.005661 0.495037 0.190381 0.217798 0.000010
0.064924 0.003795 0.000010 0.316502 0.574438 0.016387 0.023944
0.033173 0.015570 0.015829 0.343899 0.201162 0.336743 0.053624
0.000010 0.000010 0.000010 0.000010 0.999940 0.000010 0.000010
0.075253 0.034552 0.000010 0.298767 0.474746 0.050845 0.065827
0.120773 0.025642 0.000010 0.481287 0.292033 0.042799 0.037456
0.000010 0.048131 0.000010 0.900294 0.033488 0.000010 0.018058
0.052537 0.155564 0.004572 0.514628 0.025123 0.077826 0.169750
0.000010 0.080894 0.020476 0.191007 0.000010 0.518465 0.189137
0.000975 0.161030 0.011856 0.489120 0.135332 0.000010 0.201677
0.000010 0.000010 0.999940 0.000010 0.000010 0.000010 0.000010
0.000010 0.000010 0.999940 0.000010 0.000010 0.000010 0.000010
0.000010 0.000010 0.999940 0.000010 0.000010 0.000010 0.000010
0.000010 0.000010 0.999940 0.000010 0.000010 0.000010 0.000010
0.000010 0.000010 0.999940 0.000010 0.000010 0.000010 0.000010
0.000010 0.000010 0.999940 0.000010 0.000010 0.000010 0.000010
0.000010 0.000010 0.435823 0.000010 0.000010 0.000010 0.564127
0.000010 0.000010 0.459384 0.000010 0.000010 0.000010 0.540566
0.000010 0.000010 0.401194 0.000010 0.000010 0.000010 0.598756
0.000010 0.000010 0.362291 0.000010 0.029921 0.000010 0.607747
0.097575 0.171186 0.000010 0.070646 0.524262 0.046118 0.090204
0.065048 0.563553 0.009127 0.000010 0.321934 0.000010 0.040318
0.042002 0.232876 0.016990 0.486009 0.100191 0.081652 0.040279
0.103213 0.088011 0.006757 0.590167 0.183644 0.028198 0.000010
0.073823 0.068439 0.000010 0.412779 0.372711 0.000010 0.072228
0.062725 0.455545 0.000010 0.125481 0.130537 0.170538 0.055163
0.282543 0.017173 0.000010 0.244330 0.251059 0.204877 0.000010
0.060112 0.093229 0.013222 0.289391 0.476768 0.000010 0.067268
0.042579 0.213994 0.000010 0.034111 0.358084 0.351212 0.000010
0.037918 0.197645 0.016206 0.305718 0.363660 0.069422 0.009430
0.000010 0.160546 0.007268 0.660257 0.000010 0.041671 0.130239
0.065385 0.116053 0.013122 0.514082 0.000010 0.116264 0.175084
0.000010 0.134099 0.053602 0.469046 0.000010 0.181998 0.161235
0.127220 0.000010 0.000010 0.000010 0.000010 0.643979 0.228761
0.000010 0.060155 0.020044 0.363678 0.000010 0.144387 0.411715
0.000010 0.045284 0.002910 0.246620 0.000010 0.294377 0.410789
0.009812 0.324968 0.000010 0.473263 0.000010 0.000010 0.191926
0.000010 0.052460 0.037453 0.311088 0.000010 0.106580 0.492399
0.011158 0.076863 0.002059 0.098552 0.236228 0.171059 0.404080
0.011591 0.094230 0.039696 0.216895 0.000010 0.203882 0.433696
0.000010 0.483318 0.025580 0.146524 0.000010 0.024496 0.320061
0.000010 0.377803 0.002042 0.157490 0.000010 0.090414 0.372232
0.014078 0.536889 0.008240 0.086953 0.000010 0.000010 0.353819
0.000010 0.500716 0.016436 0.000010 0.138940 0.010788 0.333101
0.050527 0.449966 0.024103 0.052282 0.005164 0.207216 0.210741
0.016857 0.534194 0.040594 0.097937 0.000010 0.018099 0.292308
0.000010 0.466811 0.023494 0.000010 0.087887 0.147089 0.274700
0.005320 0.501411 0.017315 0.097510 0.000010 0.023086 0.355347
0.010484 0.403281 0.031502 0.000010 0.231803 0.049305 0.273616
0.016115 0.440234 0.045196 0.113353 0.000010 0.108445 0.276646
