0.083842 0.000010 0.027718 0.678484 0.209946
0.170622 0.027104 0.000861 0.699834 0.101579
0.157900 0.044974 0.127619 0.568854 0.100653
0.156593 0.000010 0.000010 0.843377 0.000010
0.065137 0.044573 0.126020 0.764259 0.000010
0.005976 0.005340 0.153541 0.724571 0.110572
0.097112 0.001604 0.028308 0.577740 0.295236
0.355151 0.047497 0.033875 0.481321 0.082156
0.269041 0.000010 0.000010 0.653372 0.077567
0.030757 0.012715 0.113224 0.690601 0.152703
0.358554 0.152880 0.039871 0.448686 0.000010
0.353526 0.164792 0.000010 0.464536 0.017136
0.106288 0.053963 0.000010 0.615386 0.224353
0.106685 0.154463 0.087697 0.493380 0.157776
0.281538 0.099805 0.004683 0.613963 0.000010
0.347312 0.231889 0.076165 0.318322 0.026312
0.390168 0.140963 0.068397 0.356296 0.044177
0.000010 0.980172 0.000010 0.019798 0.000010
0.000010 0.999960 0.000010 0.000010 0.000010
0.000010 0.999960 0.000010 0.000010 0.000010
0.000010 0.999960 0.000010 0.000010 0.000010
0.000010 0.999960 0.000010 0.000010 0.000010
0.000010 0.999960 0.000010 0.000010 0.000010
0.000010 0.999960 0.000010 0.000010 0.000010
0.000010 0.948047 0.051923 0.000010 0.000010
0.000010 0.880463 0.000012 0.000010 0.119505
0.000687 0.999283 0.000010 0.000010 0.000010
0.162081 0.622108 0.066797 0.103890 0.045125
0.475114 0.420008 0.049466 0.055402 0.000010
0.005440 0.288756 0.000010 0.602758 0.103036
0.078702 0.290998 0.000010 0.538304 0.091986
0.050167 0.327885 0.000010 0.621928 0.000010
0.071552 0.241746 0.000010 0.686682 0.000010
0.143177 0.239773 0.000010 0.503607 0.113433
0.000016 0.264008 0.000010 0.662518 0.073448
0.019105 0.547237 0.000010 0.310750 0.122899
0.249755 0.642324 0.000010 0.107901 0.000010
0.082074 0.015899 0.205690 0.696328 0.000010
0.040086 0.000010 0.070209 0.785828 0.103867
0.165498 0.046435 0.095756 0.586261 0.106050
0.112928 0.030542 0.109811 0.746708 0.000010
0.065776 0.006500 0.158368 0.760175 0.009181
0.088716 0.068134 0.207092 0.596767 0.039291
0.072398 0.000010 0.125694 0.588052 0.213846
0.032894 0.000010 0.038266 0.662002 0.266828
0.153565 0.051629 0.028927 0.626078 0.139801
0.112457 0.000010 0.010085 0.620437 0.257012
0.107129 0.004648 0.074864 0.584661 0.228697
0.286741 0.058143 0.019864 0.635242 0.000010
0.182954 0.038872 0.115917 0.556390 0.105867
0.247095 0.008268 0.027382 0.717245 0.000010
0.089265 0.062282 0.000010 0.617455 0.230988
0.190734 0.029773 0.000010 0.663023 0.116460
0.196485 0.037205 0.000010 0.633507 0.132793
0.140890 0.017491 0.016812 0.677353 0.147454
0.202652 0.038926 0.029942 0.690493 0.037986
0.075200 0.043111 0.102717 0.322378 0.456593
0.155898 0.058978 0.110101 0.564164 0.110859
0.054787 0.059273 0.034227 0.757269 0.094443
0.079439 0.032529 0.000010 0.629995 0.258027
0.000010 0.000010 0.000010 0.000010 0.999960
0.151943 0.007725 0.000010 0.733398 0.106924
0.172206 0.032606 0.000010 0.637623 0.157554
0.206935 0.036969 0.013650 0.649675 0.092770
0.150235 0.005799 0.019877 0.610545 0.213544
0.269653 0.015296 0.014101 0.355578 0.345373
0.565731 0.000010 0.004875 0.391495 0.037888
0.507250 0.000010 0.000010 0.492720 0.000010
0.586806 0.012419 0.000429 0.400336 0.000010
0.432298 0.000010 0.000010 0.349110 0.218572
0.517785 0.000010 0.011631 0.470564 0.000010
0.411071 0.000010 0.000010 0.441099 0.147810
0.692127 0.000010 0.013497 0.195853 0.098513
0.576326 0.002323 0.000010 0.267823 0.153518
0.535885 0.000017 0.000010 0.400404 0.063683
0.487287 0.000010 0.000010 0.446714 0.065979
0.000010 0.000010 0.999960 0.000010 0.000010
0.000010 0.000010 0.999960 0.000010 0.000010
0.000010 0.000010 0.999960 0.000010 0.000010
0.000010 0.000010 0.999960 0.000010 0.000010
0.035778 0.000010 0.223618 0.700488 0.040107
0.000010 0.000010 0.999960 0.000010 0.000010
0.023108 0.228996 0.747876 0.000010 0.000010
0.000010 0.000010 0.999960 0.000010 0.000010
0.021950 0.022841 0.237973 0.717226 0.000010
0.000010 0.000010 0.018064 0.835520 0.146396
0.344261 0.155180 0.065747 0.434802 0.000010
0.304884 0.074535 0.062398 0.465103 0.093080
0.205171 0.084751 0.148732 0.431654 0.129692
0.521426 0.065550 0.021609 0.391405 0.000010
0.074259 0.041867 0.111864 0.746291 0.025719
0.138092 0.052454 0.139460 0.669985 0.000010
0.000010 0.000010 0.202878 0.797092 0.000010
0.105210 0.038446 0.113026 0.447342 0.295976
0.242144 0.130854 0.014565 0.612427 0.000010
0.097062 0.188416 0.012100 0.638275 0.064147
0.082741 0.196990 0.019300 0.488682 0.212287
0.158498 0.339300 0.003015 0.428752 0.070435
0.149420 0.255211 0.018193 0.570756 0.006421
0.182078 0.141823 0.046151 0.604810 0.025139
0.162915 0.248114 0.005366 0.465044 0.118560
0.042168 0.238275 0.093643 0.486856 0.139058
0.192630 0.280092 0.065183 0.354210 0.107885
0.164089 0.228193 0.000010 0.545337 0.062371
0.479708 0.020277 0.000010 0.265678 0.234328
0.360460 0.018561 0.000010 0.501804 0.119165
0.385875 0.071637 0.011657 0.403539 0.127292
0.419023 0.042085 0.031704 0.507178 0.000010
0.347745 0.089824 0.000010 0.394967 0.167455
0.483940 0.066774 0.001378 0.447899 0.000010
0.538850 0.051073 0.000010 0.410056 0.000010
0.389055 0.128362 0.031598 0.356166 0.094819
0.025563 0.000010 0.000010 0.253532 0.720886
0.480942 0.014898 0.000010 0.299694 0.204456
0.013089 0.462282 0.144756 0.355857 0.024017
0.100075 0.391669 0.020640 0.423429 0.064187
0.007751 0.566823 0.000010 0.185094 0.240323
0.031562 0.627026 0.062499 0.153511 0.125401
0.020236 0.536379 0.000010 0.233943 0.209432
0.218600 0.513075 0.040277 0.144473 0.083575
0.102525 0.481418 0.000010 0.000010 0.416037
0.148469 0.666470 0.088241 0.085413 0.011407
0.000010 0.567740 0.038029 0.312688 0.081533
0.000010 0.344401 0.047444 0.350595 0.257549
0.622532 0.109791 0.000010 0.220940 0.046727
0.567052 0.069057 0.028547 0.311979 0.023365
0.516243 0.059323 0.000010 0.350104 0.074320
0.477566 0.028598 0.010052 0.178870 0.304914
0.565116 0.071016 0.000010 0.000010 0.363848
0.481914 0.092068 0.000010 0.268024 0.157984
0.286192 0.145605 0.000010 0.101577 0.466616
0.495306 0.091537 0.000010 0.000010 0.413137
0.632042 0.050363 0.032924 0.185051 0.099621
0.656829 0.075682 0.038524 0.228956 0.000010
0.000010 0.000010 0.111424 0.346789 0.541768
0.025397 0.000775 0.019295 0.791109 0.163424
0.020508 0.013712 0.067594 0.898175 0.000010
0.000010 0.001679 0.026337 0.808053 0.163921
0.040158 0.060461 0.154760 0.699274 0.045348
0.000010 0.019167 0.081908 0.516076 0.382839
0.002606 0.035507 0.027922 0.801935 0.132030
0.056601 0.063902 0.043147 0.751437 0.084914
0.000010 0.000010 0.129873 0.756244 0.113863
0.051926 0.013186 0.063701 0.868005 0.003181
0.019761 0.075290 0.007866 0.779616 0.117466
0.012909 0.051469 0.054065 0.794766 0.086791
0.122487 0.003623 0.145000 0.728007 0.000882
0.018981 0.168034 0.024620 0.713765 0.074600
0.019064 0.009442 0.076605 0.681899 0.212990
0.314259 0.624342 0.000010 0.061379 0.000010
0.202367 0.635232 0.000010 0.129227 0.033164
0.459107 0.538300 0.000010 0.000010 0.002573
0.425248 0.571440 0.003292 0.000010 0.000010
0.266897 0.603316 0.129767 0.000010 0.000010
0.268045 0.731925 0.000010 0.000010 0.000010
0.290988 0.602615 0.060506 0.000010 0.045882
0.542396 0.439671 0.000010 0.000010 0.017914
0.209033 0.523471 0.000010 0.000010 0.267476
0.373206 0.502836 0.000010 0.000010 0.123938
0.057073 0.027209 0.053967 0.821779 0.039971
0.022175 0.000010 0.120734 0.808305 0.048776
0.000010 0.000010 0.151765 0.765701 0.082513
0.000010 0.000010 0.058480 0.377892 0.563607
0.000010 0.000010 0.027574 0.808660 0.163746
0.093541 0.038172 0.077131 0.610662 0.180494
0.047581 0.024280 0.051198 0.747756 0.129185
0.068054 0.003593 0.042645 0.885699 0.000010
0.038557 0.000010 0.004585 0.900702 0.056147
0.122628 0.016764 0.027886 0.803297 0.029426
0.068758 0.011224 0.054826 0.865181 0.000010
0.096287 0.000010 0.047431 0.758726 0.097545
0.002857 0.032262 0.026028 0.892212 0.046641
0.084154 0.000010 0.006238 0.781598 0.128001
0.057541 0.913993 0.000010 0.028446 0.000010
0.136314 0.820792 0.042874 0.000010 0.000010
0.109132 0.858444 0.030037 0.002377 0.000010
0.009851 0.969774 0.020355 0.000010 0.000010
0.066234 0.892099 0.001314 0.040343 0.000010
0.098070 0.871402 0.000010 0.000010 0.030508
0.000011 0.726795 0.000010 0.000010 0.273174
0.000010 0.968651 0.000010 0.031319 0.000010
0.000010 0.936363 0.017506 0.000010 0.046111
0.000010 0.970360 0.029610 0.000010 0.000010
0.059494 0.940476 0.000010 0.000010 0.000010
0.355881 0.095190 0.004823 0.341968 0.202137
0.371645 0.145546 0.000010 0.350158 0.132640
0.567545 0.195151 0.005268 0.232026 0.000010
0.521306 0.077913 0.000010 0.370305 0.030465
0.609126 0.113477 0.009293 0.268094 0.000010
0.495657 0.101799 0.000010 0.289540 0.112993
0.349792 0.070128 0.037364 0.370802 0.171915
0.530227 0.062107 0.000010 0.356243 0.051413
0.347592 0.150301 0.000010 0.403605 0.098491
0.470911 0.111101 0.008217 0.409761 0.000010
0.465292 0.089972 0.031801 0.362745 0.050190
0.490657 0.298365 0.000010 0.000010 0.210957
0.412743 0.078975 0.104313 0.361868 0.042100
0.401556 0.000010 0.072049 0.298993 0.227392
0.319548 0.300409 0.021878 0.289897 0.068268
0.596270 0.241171 0.000010 0.162539 0.000010
0.684344 0.221842 0.000010 0.093794 0.000010
0.696348 0.137954 0.002725 0.082757 0.080216
0.578680 0.287010 0.000010 0.000010 0.134290
0.603236 0.185569 0.003378 0.188752 0.019065
0.015409 0.007702 0.171286 0.737666 0.067937
0.019333 0.000010 0.055435 0.877736 0.047486
0.064188 0.000010 0.025761 0.853703 0.056337
0.022520 0.003476 0.029636 0.825792 0.118575
0.000010 0.012443 0.184359 0.614545 0.188643
0.000010 0.000010 0.000010 0.634847 0.365123
0.002761 0.004491 0.037002 0.831228 0.124518
0.000010 0.005545 0.000010 0.841945 0.152490
0.051461 0.000010 0.140619 0.731114 0.076797
0.000010 0.003034 0.080600 0.815019 0.101337
0.193646 0.104438 0.060064 0.641842 0.000010
0.113354 0.277749 0.000010 0.490382 0.118505
0.098757 0.143999 0.023304 0.170938 0.563002
0.183805 0.139823 0.000010 0.473482 0.202879
0.116998 0.183402 0.000010 0.699581 0.000010
0.070599 0.154665 0.074807 0.602008 0.097921
0.131877 0.204677 0.036579 0.509844 0.117024
0.452594 0.154201 0.141956 0.078950 0.172300
0.437139 0.170686 0.082245 0.230646 0.079285
0.396174 0.195434 0.078222 0.140383 0.189787
0.514400 0.188381 0.003200 0.108374 0.185645
0.456151 0.106967 0.084480 0.112765 0.239637
0.502844 0.147864 0.126250 0.136301 0.086741
0.560345 0.090995 0.000010 0.120092 0.228558
0.665364 0.055767 0.000010 0.131005 0.147854
0.496057 0.067267 0.000010 0.000010 0.436655
0.337476 0.118220 0.013454 0.471277 0.059574
0.000010 0.947381 0.000010 0.000010 0.052589
0.004839 0.995131 0.000010 0.000010 0.000010
0.000010 0.913134 0.086836 0.000010 0.000010
0.001806 0.914958 0.000010 0.000010 0.083216
0.000010 0.881289 0.000010 0.000010 0.118681
0.017309 0.887537 0.000010 0.065545 0.029600
0.000010 0.889931 0.110039 0.000010 0.000010
0.000010 0.849760 0.000010 0.000010 0.150210
0.066215 0.925465 0.000010 0.008300 0.000010
0.000010 0.948869 0.032237 0.000010 0.018874
0.000010 0.000010 0.000012 0.000010 0.999958
0.000010 0.000010 0.026896 0.788470 0.184614
0.120499 0.000010 0.042295 0.741389 0.095806
0.000010 0.000010 0.057864 0.773967 0.168149
0.000010 0.000010 0.000010 0.716774 0.283196
0.000010 0.000010 0.000010 0.909568 0.090402
0.000010 0.070384 0.151506 0.762312 0.015787
0.102543 0.038790 0.039873 0.745095 0.073699
0.048500 0.024855 0.064741 0.861894 0.000010
0.104812 0.039113 0.054145 0.801920 0.000010
0.000010 0.040208 0.011078 0.782276 0.166429
0.040959 0.052663 0.027976 0.878392 0.000010
0.028726 0.042960 0.155909 0.739789 0.032616
0.019378 0.029101 0.180969 0.770542 0.000010
0.152779 0.072549 0.020220 0.754442 0.000010
0.000010 0.033076 0.133007 0.699634 0.134273
0.003172 0.660841 0.046526 0.176463 0.112999
0.000010 0.630482 0.008996 0.039543 0.320970
0.034220 0.676284 0.096890 0.160982 0.031625
0.239893 0.608251 0.004324 0.000010 0.147522
0.076083 0.718760 0.000010 0.205138 0.000010
0.075136 0.690117 0.000010 0.054789 0.179948
0.031481 0.857723 0.000010 0.110776 0.000010
0.000010 0.700140 0.000010 0.226567 0.073273
0.007845 0.632197 0.035775 0.324173 0.000010
0.000010 0.999960 0.000010 0.000010 0.000010
0.000010 0.973330 0.000010 0.000010 0.026640
0.000010 0.965278 0.000010 0.000010 0.034692
0.000010 0.951791 0.000010 0.000010 0.048179
0.000010 0.999960 0.000010 0.000010 0.000010
0.000010 0.962871 0.037099 0.000010 0.000010
0.000010 0.942455 0.000010 0.000010 0.057515
0.000010 0.999960 0.000010 0.000010 0.000010
0.000010 0.999960 0.000010 0.000010 0.000010
0.000010 0.999960 0.000010 0.000010 0.000010
0.135141 0.125491 0.000010 0.571424 0.167933
0.387288 0.177033 0.002715 0.273112 0.159852
0.129712 0.070085 0.000010 0.679200 0.120994
0.456750 0.350520 0.033936 0.158785 0.000010
0.211466 0.095087 0.000010 0.517984 0.175452
0.198312 0.195927 0.000010 0.496447 0.109304
0.225280 0.169546 0.000010 0.529379 0.075785
0.234005 0.167261 0.092889 0.387311 0.118534
0.207010 0.095619 0.016246 0.564723 0.116402
0.327043 0.203003 0.000010 0.185114 0.284830
0.091121 0.032864 0.029494 0.745201 0.101320
0.059621 0.000010 0.035887 0.573816 0.330666
0.110920 0.024765 0.016656 0.758314 0.089345
0.101962 0.006682 0.014883 0.623312 0.253161
0.306881 0.000010 0.000674 0.412643 0.279792
0.000013 0.000010 0.000010 0.330994 0.668973
0.004313 0.000010 0.000010 0.335007 0.660660
0.056127 0.000010 0.045153 0.311459 0.587251
0.297016 0.000010 0.000010 0.331707 0.371257
0.000010 0.000010 0.000010 0.000010 0.999960
0.000010 0.000010 0.158471 0.663061 0.178448
0.058665 0.000010 0.126116 0.500810 0.314399
0.000010 0.000010 0.010874 0.630167 0.358938
0.000010 0.000010 0.132601 0.604330 0.263048
0.000010 0.000010 0.000010 0.000010 0.999960
0.000017 0.000010 0.184559 0.450144 0.365271
0.000010 0.000010 0.065607 0.737295 0.197078
0.032440 0.000010 0.104389 0.863150 0.000010
0.039919 0.051569 0.085198 0.823304 0.000010
0.088589 0.003454 0.041660 0.783739 0.082558
0.004569 0.000010 0.023380 0.717252 0.254790
0.000010 0.000010 0.058863 0.652369 0.288748
0.000010 0.000010 0.011749 0.784208 0.204023
0.027728 0.000010 0.003061 0.765272 0.203929
0.027429 0.012549 0.017559 0.762561 0.179902
0.000010 0.000010 0.112819 0.633288 0.253873
0.019073 0.000010 0.013678 0.842456 0.124783
0.098267 0.044890 0.004283 0.705728 0.146832
0.018276 0.094245 0.000010 0.627325 0.260143
0.053255 0.035567 0.000010 0.764411 0.146757
0.000010 0.000010 0.102941 0.897029 0.000010
0.000010 0.000010 0.126379 0.873591 0.000010
0.000010 0.000010 0.024672 0.975298 0.000010
0.000010 0.000010 0.217026 0.763124 0.019830
0.005829 0.000010 0.150044 0.731195 0.112921
0.000010 0.000010 0.000010 0.580767 0.419203
0.005514 0.000010 0.135830 0.857208 0.001438
0.000010 0.000010 0.100239 0.899731 0.000010
0.000010 0.000010 0.075989 0.816215 0.107776
0.000010 0.000010 0.015305 0.984665 0.000010
0.639993 0.099040 0.086550 0.000010 0.174407
0.634351 0.201923 0.108555 0.003816 0.051355
0.519872 0.132655 0.138215 0.171753 0.037505
0.518780 0.119700 0.125438 0.159096 0.076987
0.561911 0.094191 0.101546 0.205927 0.036426
0.633749 0.073124 0.000010 0.293107 0.000010
0.710050 0.109352 0.011665 0.088337 0.080596
0.615810 0.074736 0.054137 0.193606 0.061711
0.606921 0.133350 0.084308 0.055004 0.120418
0.781259 0.077789 0.113779 0.000010 0.027162
0.059111 0.251081 0.000010 0.506404 0.183393
0.163888 0.233826 0.022813 0.568592 0.010882
0.399280 0.037971 0.000010 0.412270 0.150469
0.119342 0.178999 0.039867 0.661782 0.000010
0.077424 0.120143 0.021754 0.780670 0.000010
0.161191 0.192687 0.136726 0.473903 0.035492
0.111568 0.104025 0.000010 0.608136 0.176261
0.088515 0.045036 0.059925 0.806513 0.000010
0.122307 0.013052 0.029183 0.748257 0.087201
0.050473 0.026793 0.042547 0.752863 0.127325
0.057060 0.001460 0.046005 0.818976 0.076498
0.059423 0.025464 0.000010 0.770696 0.144407
0.029245 0.012143 0.102249 0.678883 0.177480
0.059826 0.001946 0.055595 0.860363 0.022270
0.039393 0.003419 0.033343 0.778041 0.145805
0.000010 0.035663 0.000010 0.560578 0.403739
0.018123 0.008044 0.067607 0.858117 0.048109
0.999960 0.000010 0.000010 0.000010 0.000010
0.999960 0.000010 0.000010 0.000010 0.000010
0.918717 0.000010 0.081253 0.000010 0.000010
0.897997 0.000010 0.101973 0.000010 0.000010
0.868865 0.000010 0.000010 0.000010 0.131105
0.999960 0.000010 0.000010 0.000010 0.000010
0.999960 0.000010 0.000010 0.000010 0.000010
0.999960 0.000010 0.000010 0.000010 0.000010
0.038364 0.000905 0.183585 0.777136 0.000010
0.075000 0.000010 0.000010 0.723418 0.201562
0.032934 0.031660 0.154933 0.712517 0.067956
0.022767 0.010882 0.113155 0.787962 0.065234
0.060799 0.008917 0.048490 0.674929 0.206865
0.010751 0.045360 0.188864 0.692715 0.062310
0.023985 0.069337 0.036996 0.543870 0.325812
0.040191 0.054163 0.231828 0.615014 0.058803
0.049120 0.080479 0.123627 0.668823 0.077950
0.037146 0.044471 0.145096 0.721102 0.052186
0.061810 0.011202 0.018060 0.908919 0.000010
0.165768 0.166404 0.054465 0.538816 0.074547
0.085394 0.193245 0.000010 0.192148 0.529203
0.168176 0.216574 0.049742 0.565499 0.000010
0.000010 0.999960 0.000010 0.000010 0.000010
0.000010 0.999960 0.000010 0.000010 0.000010
0.000016 0.999954 0.000010 0.000010 0.000010
0.000010 0.999960 0.000010 0.000010 0.000010
0.000010 0.999960 0.000010 0.000010 0.000010
0.000010 0.999960 0.000010 0.000010 0.000010
0.000010 0.999960 0.000010 0.000010 0.000010
0.000010 0.999960 0.000010 0.000010 0.000010
0.000010 0.999960 0.000010 0.000010 0.000010
0.000010 0.964492 0.035478 0.000010 0.000010
0.169343 0.116388 0.216502 0.416429 0.081338
0.569925 0.077756 0.165867 0.186443 0.000010
0.239491 0.056660 0.050649 0.568323 0.084877
0.097902 0.011299 0.116339 0.749343 0.025118
0.072212 0.089280 0.184312 0.650293 0.003903
0.464051 0.056109 0.067304 0.237471 0.175065
0.022917 0.000010 0.328609 0.446428 0.202036
0.095314 0.099581 0.184046 0.589563 0.031496
0.222223 0.000010 0.149268 0.268484 0.360015
0.197671 0.041582 0.146765 0.526955 0.087028
0.172743 0.128362 0.000010 0.656215 0.042670
0.129597 0.175562 0.063472 0.515242 0.116128
0.142444 0.206180 0.000010 0.470577 0.180788
0.000010 0.209743 0.137827 0.000010 0.652410
0.073765 0.419419 0.000010 0.366235 0.140571
0.059848 0.398299 0.000010 0.242494 0.299349
0.340652 0.184725 0.003225 0.471388 0.000010
0.063443 0.517989 0.000010 0.309500 0.109058
0.080780 0.411546 0.089556 0.232318 0.185799
0.103318 0.461300 0.000010 0.227071 0.208301
0.495740 0.341265 0.000010 0.134789 0.028196
0.390972 0.364518 0.000010 0.142052 0.102448
0.555603 0.356967 0.009827 0.077592 0.000010
0.510713 0.349006 0.074632 0.000010 0.065640
0.458590 0.225413 0.052601 0.045703 0.217693
0.543885 0.328859 0.017811 0.083173 0.026272
0.476004 0.296410 0.036915 0.000010 0.190661
0.516133 0.367739 0.000010 0.085783 0.030335
0.401988 0.316227 0.095005 0.108002 0.078778
0.453331 0.315660 0.002219 0.115383 0.113408
